Proc_name, runtime, waiting, turnaround, response
P1,7,0,0,0
P2,5,0,7,0
P3,2,6,11,6
P4,7,10,12,10
P5,3,11,18,11
P6,4,17,20,17
P7,4,19,23,19
P8,3,22,26,22
P9,4,25,28,25
P10,3,27,31,27
P11,5,30,33,30
P12,3,32,37,32
P13,7,36,39,36
P14,6,38,45,38
P15,4,44,50,44
P16,3,49,53,49
P17,7,52,55,52
P18,3,54,61,54
P19,3,60,63,60
P20,6,62,65,62
P21,9,64,70,64
P22,3,69,78,69
P23,2,77,80,77
P24,4,79,81,79
P25,7,80,84,80
P26,5,83,90,83
P27,5,89,94,89
P28,2,93,98,93
P29,9,97,99,97
P30,7,98,107,98
P31,2,106,113,106
P32,2,112,114,112
P33,4,113,115,113
P34,5,114,118,114
P35,6,117,122,117
P36,9,121,127,121
P37,6,126,135,126
P38,8,134,140,134
P39,2,139,147,139
P40,3,146,148,146
P41,5,147,150,147
P42,6,149,154,149
P43,4,153,159,153
P44,3,158,162,158
P45,7,161,164,161
P46,1,163,170,163
P47,8,169,170,169
P48,4,169,177,169
P49,3,176,180,176
P50,4,179,182,179
P51,6,181,185,181
P52,2,184,190,184
P53,8,189,191,189
P54,3,190,198,190
P55,4,197,200,197
P56,8,199,203,199
P57,2,202,210,202
P58,6,209,211,209
P59,3,210,216,210
P60,7,215,218,215
P61,5,217,224,217
P62,2,223,228,223
P63,8,227,229,227
P64,6,228,236,228
P65,5,235,241,235
P66,7,240,245,240
P67,6,244,251,244
P68,4,250,256,250
P69,3,255,259,255
P70,7,258,261,258
P71,6,260,267,260
P72,5,266,272,266
P73,7,271,276,271
P74,6,275,282,275
P75,3,281,287,281
P76,5,286,289,286
P77,6,288,293,288
P78,2,292,298,292
P79,6,297,299,297
P80,6,298,304,298
P81,4,303,309,303
P82,2,308,312,308
P83,7,311,313,311
P84,8,312,319,312
P85,6,318,326,318
P86,6,325,331,325
P87,6,330,336,330
P88,7,335,341,335
P89,5,340,347,340
P90,4,346,351,346
P91,2,350,354,350
P92,5,353,355,353
P93,7,354,359,354
P94,7,358,365,358
P95,4,364,371,364
P96,4,370,374,370
P97,6,373,377,373
P98,3,376,382,376
P99,4,381,384,381
P100,8,383,387,383
P101,4,386,394,386
P102,7,393,397,393
P103,5,396,403,396
P104,1,402,407,402
P105,3,406,407,406
P106,6,406,409,406
P107,3,408,414,408
P108,3,413,416,413
P109,4,415,418,415
P110,2,417,421,417
P111,5,420,422,420
P112,9,421,426,421
P113,5,425,434,425
P114,4,433,438,433
P115,4,437,441,437
P116,7,440,444,440
P117,8,443,450,443
P118,4,449,457,449
P119,5,456,460,456
P120,7,459,464,459
P121,3,463,470,463
P122,9,469,472,469
P123,3,471,480,471
P124,7,479,482,479
P125,5,481,488,481
P126,3,487,492,487
P127,6,491,494,491
P128,3,493,499,493
P129,8,498,501,498
P130,7,500,508,500
P131,5,507,514,507
P132,9,513,518,513
P133,4,517,526,517
P134,1,525,529,525
P135,4,528,529,528
P136,5,528,532,528
P137,4,531,536,531
P138,7,535,539,535
P139,4,538,545,538
P140,6,544,548,544
P141,5,547,553,547
P142,6,552,557,552
P143,6,556,562,556
P144,4,561,567,561
P145,7,566,570,566
P146,4,569,576,569
P147,5,575,579,575
P148,4,578,583,578
P149,6,582,586,582
P150,4,585,591,585
P151,6,590,594,590
P152,5,593,599,593
P153,7,598,603,598
P154,4,602,609,602
P155,3,608,612,608
P156,5,611,614,611
P157,4,613,618,613
P158,6,617,621,617
P159,5,620,626,620
P160,1,625,630,625
P161,3,629,630,629
P162,5,629,632,629
P163,5,631,636,631
P164,8,635,640,635
P165,7,639,647,639
P166,5,646,653,646
P167,7,652,657,652
P168,5,656,663,656
P169,6,662,667,662
P170,3,666,672,666
P171,2,671,674,671
P172,3,673,675,673
P173,5,674,677,674
P174,5,676,681,676
P175,4,680,685,680
P176,3,684,688,684
P177,2,687,690,687
P178,3,689,691,689
P179,5,690,693,690
P180,4,692,697,692
P181,4,696,700,696
P182,4,699,703,699
P183,6,702,706,702
P184,4,705,711,705
P185,6,710,714,710
P186,4,713,719,713
P187,4,718,722,718
P188,9,721,725,721
P189,6,724,733,724
P190,8,732,738,732
P191,4,737,745,737
P192,2,744,748,744
P193,9,747,749,747
P194,5,748,757,748
P195,4,756,761,756
P196,7,760,764,760
P197,4,763,770,763
P198,3,769,773,769
P199,5,772,775,772
P200,3,774,779,774
P201,7,778,781,778
P202,4,780,787,780
P203,7,786,790,786
P204,4,789,796,789
P205,2,795,799,795
P206,5,798,800,798
P207,5,799,804,799
P208,2,803,808,803
P209,3,807,809,807
P210,3,808,811,808
P211,5,810,813,810
P212,8,812,817,812
P213,7,816,824,816
P214,5,823,830,823
P215,3,829,834,829
P216,3,833,836,833
P217,6,835,838,835
P218,8,837,843,837
P219,3,842,850,842
P220,3,849,852,849
P221,10,851,854,851
P222,4,853,863,853
P223,4,862,866,862
P224,6,865,869,865
P225,1,868,874,868
P226,2,873,874,873
P227,3,873,875,873
P228,4,874,877,874
P229,5,876,880,876
P230,4,879,884,879
P231,6,883,887,883
P232,5,886,892,886
P233,5,891,896,891
P234,3,895,900,895
P235,2,899,902,899
P236,6,901,903,901
P237,7,902,908,902
P238,9,907,914,907
P239,3,913,922,913
P240,7,921,924,921
P241,8,923,930,923
P242,7,929,937,929
P243,11,936,943,936
P244,1,942,953,942
P245,9,952,953,952
P246,5,952,961,952
P247,5,960,965,960
P248,4,964,969,964
P249,5,968,972,968
P250,3,971,976,971
P251,6,975,978,975
P252,6,977,983,977
P253,6,982,988,982
P254,3,987,993,987
P255,3,992,995,992
P256,5,994,997,994
P257,6,996,1001,996
P258,8,1000,1006,1000
P259,4,1005,1013,1005
P260,4,1012,1016,1012
P261,4,1015,1019,1015
P262,4,1018,1022,1018
P263,7,1021,1025,1021
P264,3,1024,1031,1024
P265,7,1030,1033,1030
P266,5,1032,1039,1032
P267,1,1038,1043,1038
P268,5,1042,1043,1042
P269,2,1042,1047,1042
P270,4,1046,1048,1046
P271,3,1047,1051,1047
P272,5,1050,1053,1050
P273,4,1052,1057,1052
P274,10,1056,1060,1056
P275,9,1059,1069,1059
P276,7,1068,1077,1068
P277,5,1076,1083,1076
P278,7,1082,1087,1082
P279,6,1086,1093,1086
P280,5,1092,1098,1092
P281,1,1097,1102,1097
P282,5,1101,1102,1101
P283,7,1101,1106,1101
P284,6,1105,1112,1105
P285,4,1111,1117,1111
P286,5,1116,1120,1116
P287,3,1119,1124,1119
P288,9,1123,1126,1123
P289,5,1125,1134,1125
P290,7,1133,1138,1133
P291,2,1137,1144,1137
P292,7,1143,1145,1143
P293,7,1144,1151,1144
P294,4,1150,1157,1150
P295,5,1156,1160,1156
P296,2,1159,1164,1159
P297,8,1163,1165,1163
P298,3,1164,1172,1164
P299,4,1171,1174,1171
P300,6,1173,1177,1173
P301,6,1176,1182,1176
P302,5,1181,1187,1181
P303,3,1186,1191,1186
P304,9,1190,1193,1190
P305,6,1192,1201,1192
P306,9,1200,1206,1200
P307,7,1205,1214,1205
P308,9,1213,1220,1213
P309,8,1219,1228,1219
P310,5,1227,1235,1227
P311,4,1234,1239,1234
P312,2,1238,1242,1238
P313,4,1241,1243,1241
P314,5,1242,1246,1242
P315,6,1245,1250,1245
P316,5,1249,1255,1249
P317,4,1254,1259,1254
P318,5,1258,1262,1258
P319,6,1261,1266,1261
P320,5,1265,1271,1265
P321,7,1270,1275,1270
P322,4,1274,1281,1274
P323,3,1280,1284,1280
P324,7,1283,1286,1283
P325,4,1285,1292,1285
P326,4,1291,1295,1291
P327,7,1294,1298,1294
P328,7,1297,1304,1297
P329,9,1303,1310,1303
P330,2,1309,1318,1309
P331,4,1317,1319,1317
P332,5,1318,1322,1318
P333,4,1321,1326,1321
P334,5,1325,1329,1325
P335,1,1328,1333,1328
P336,4,1332,1333,1332
P337,4,1332,1336,1332
P338,3,1335,1339,1335
P339,4,1338,1341,1338
P340,3,1340,1344,1340
P341,2,1343,1346,1343
P342,2,1345,1347,1345
P343,6,1346,1348,1346
P344,7,1347,1353,1347
P345,10,1352,1359,1352
P346,5,1358,1368,1358
P347,4,1367,1372,1367
P348,1,1371,1375,1371
P349,5,1374,1375,1374
P350,7,1374,1379,1374
P351,4,1378,1385,1378
P352,3,1384,1388,1384
P353,6,1387,1390,1387
P354,5,1389,1395,1389
P355,4,1394,1399,1394
P356,4,1398,1402,1398
P357,5,1401,1405,1401
P358,5,1404,1409,1404
P359,6,1408,1413,1408
P360,3,1412,1418,1412
P361,3,1417,1420,1417
P362,6,1419,1422,1419
P363,8,1421,1427,1421
P364,4,1426,1434,1426
P365,8,1433,1437,1433
P366,4,1436,1444,1436
P367,1,1443,1447,1443
P368,6,1446,1447,1446
P369,4,1446,1452,1446
P370,2,1451,1455,1451
P371,5,1454,1456,1454
P372,1,1455,1460,1455
P373,4,1459,1460,1459
P374,4,1459,1463,1459
P375,4,1462,1466,1462
P376,6,1465,1469,1465
P377,10,1468,1474,1468
P378,6,1473,1483,1473
P379,4,1482,1488,1482
P380,6,1487,1491,1487
P381,3,1490,1496,1490
P382,5,1495,1498,1495
P383,6,1497,1502,1497
P384,2,1501,1507,1501
P385,4,1506,1508,1506
P386,5,1507,1511,1507
P387,7,1510,1515,1510
P388,4,1514,1521,1514
P389,5,1520,1524,1520
P390,5,1523,1528,1523
P391,5,1527,1532,1527
P392,6,1531,1536,1531
P393,6,1535,1541,1535
P394,5,1540,1546,1540
P395,3,1545,1550,1545
P396,6,1549,1552,1549
P397,5,1551,1557,1551
P398,2,1556,1561,1556
P399,10,1560,1562,1560
P400,3,1561,1571,1561
P401,3,1570,1573,1570
P402,3,1572,1575,1572
P403,2,1574,1577,1574
P404,6,1576,1578,1576
P405,5,1577,1583,1577
P406,3,1582,1587,1582
P407,7,1586,1589,1586
P408,9,1588,1595,1588
P409,9,1594,1603,1594
P410,12,1602,1611,1602
P411,4,1610,1622,1610
P412,5,1621,1625,1621
P413,5,1624,1629,1624
P414,4,1628,1633,1628
P415,6,1632,1636,1632
P416,5,1635,1641,1635
P417,7,1640,1645,1640
P418,8,1644,1651,1644
P419,5,1650,1658,1650
P420,6,1657,1662,1657
P421,5,1661,1667,1661
P422,4,1666,1671,1666
P423,2,1670,1674,1670
P424,4,1673,1675,1673
P425,3,1674,1678,1674
P426,7,1677,1680,1677
P427,6,1679,1686,1679
P428,6,1685,1691,1685
P429,3,1690,1696,1690
P430,5,1695,1698,1695
P431,10,1697,1702,1697
P432,3,1701,1711,1701
P433,5,1710,1713,1710
P434,6,1712,1717,1712
P435,4,1716,1722,1716
P436,3,1721,1725,1721
P437,4,1724,1727,1724
P438,9,1726,1730,1726
P439,8,1729,1738,1729
P440,10,1737,1745,1737
P441,4,1744,1754,1744
P442,2,1753,1757,1753
P443,5,1756,1758,1756
P444,6,1757,1762,1757
P445,2,1761,1767,1761
P446,5,1766,1768,1766
P447,9,1767,1772,1767
P448,4,1771,1780,1771
P449,7,1779,1783,1779
P450,8,1782,1789,1782
P451,3,1788,1796,1788
P452,8,1795,1798,1795
P453,6,1797,1805,1797
P454,3,1804,1810,1804
P455,3,1809,1812,1809
P456,6,1811,1814,1811
P457,6,1813,1819,1813
P458,7,1818,1824,1818
P459,3,1823,1830,1823
P460,9,1829,1832,1829
P461,8,1831,1840,1831
P462,3,1839,1847,1839
P463,7,1846,1849,1846
P464,6,1848,1855,1848
P465,4,1854,1860,1854
P466,8,1859,1863,1859
P467,7,1862,1870,1862
P468,4,1869,1876,1869
P469,3,1875,1879,1875
P470,11,1878,1881,1878
P471,3,1880,1891,1880
P472,7,1890,1893,1890
P473,4,1892,1899,1892
P474,7,1898,1902,1898
P475,5,1901,1908,1901
P476,4,1907,1912,1907
P477,4,1911,1915,1911
P478,3,1914,1918,1914
P479,7,1917,1920,1917
P480,7,1919,1926,1919
P481,2,1925,1932,1925
P482,5,1931,1933,1931
P483,7,1932,1937,1932
P484,7,1936,1943,1936
P485,4,1942,1949,1942
P486,8,1948,1952,1948
P487,6,1951,1959,1951
P488,6,1958,1964,1958
P489,7,1963,1969,1963
P490,5,1968,1975,1968
P491,3,1974,1979,1974
P492,6,1978,1981,1978
P493,5,1980,1986,1980
P494,4,1985,1990,1985
P495,4,1989,1993,1989
P496,7,1992,1996,1992
P497,7,1995,2002,1995
P498,3,2001,2008,2001
P499,4,2007,2010,2007
P500,9,2009,2013,2009
P501,2,2012,2021,2012
P502,5,2020,2022,2020
P503,5,2021,2026,2021
P504,10,2025,2030,2025
P505,5,2029,2039,2029
P506,5,2038,2043,2038
P507,5,2042,2047,2042
P508,6,2046,2051,2046
P509,4,2050,2056,2050
P510,3,2055,2059,2055
P511,1,2058,2061,2058
P512,5,2060,2061,2060
P513,5,2060,2065,2060
P514,3,2064,2069,2064
P515,4,2068,2071,2068
P516,4,2070,2074,2070
P517,8,2073,2077,2073
P518,3,2076,2084,2076
P519,9,2083,2086,2083
P520,2,2085,2094,2085
P521,4,2093,2095,2093
P522,8,2094,2098,2094
P523,2,2097,2105,2097
P524,9,2104,2106,2104
P525,7,2105,2114,2105
P526,8,2113,2120,2113
P527,6,2119,2127,2119
P528,4,2126,2132,2126
P529,6,2131,2135,2131
P530,4,2134,2140,2134
P531,3,2139,2143,2139
P532,6,2142,2145,2142
P533,5,2144,2150,2144
P534,4,2149,2154,2149
P535,8,2153,2157,2153
P536,4,2156,2164,2156
P537,8,2163,2167,2163
P538,4,2166,2174,2166
P539,3,2173,2177,2173
P540,3,2176,2179,2176
P541,4,2178,2181,2178
P542,5,2180,2184,2180
P543,7,2183,2188,2183
P544,5,2187,2194,2187
P545,3,2193,2198,2193
P546,5,2197,2200,2197
P547,3,2199,2204,2199
P548,5,2203,2206,2203
P549,2,2205,2210,2205
P550,3,2209,2211,2209
P551,6,2210,2213,2210
P552,6,2212,2218,2212
P553,2,2217,2223,2217
P554,7,2222,2224,2222
P555,9,2223,2230,2223
P556,7,2229,2238,2229
P557,5,2237,2244,2237
P558,6,2243,2248,2243
P559,9,2247,2253,2247
P560,5,2252,2261,2252
P561,4,2260,2265,2260
P562,1,2264,2268,2264
P563,7,2267,2268,2267
P564,5,2267,2274,2267
P565,3,2273,2278,2273
P566,4,2277,2280,2277
P567,2,2279,2283,2279
P568,4,2282,2284,2282
P569,4,2283,2287,2283
P570,8,2286,2290,2286
P571,4,2289,2297,2289
P572,6,2296,2300,2296
P573,4,2299,2305,2299
P574,5,2304,2308,2304
P575,4,2307,2312,2307
P576,3,2311,2315,2311
P577,9,2314,2317,2314
P578,3,2316,2325,2316
P579,8,2324,2327,2324
P580,2,2326,2334,2326
P581,1,2333,2335,2333
P582,3,2334,2335,2334
P583,1,2334,2337,2334
P584,2,2336,2337,2336
P585,1,2336,2338,2336
P586,4,2337,2338,2337
P587,5,2337,2341,2337
P588,2,2340,2345,2340
P589,7,2344,2346,2344
P590,3,2345,2352,2345
P591,4,2351,2354,2351
P592,3,2353,2357,2353
P593,3,2356,2359,2356
P594,3,2358,2361,2358
P595,9,2360,2363,2360
P596,9,2362,2371,2362
P597,4,2370,2379,2370
P598,5,2378,2382,2378
P599,6,2381,2386,2381
P600,5,2385,2391,2385
P601,8,2390,2395,2390
P602,5,2394,2402,2394
P603,8,2401,2406,2401
P604,4,2405,2413,2405
P605,3,2412,2416,2412
P606,5,2415,2418,2415
P607,8,2417,2422,2417
P608,7,2421,2429,2421
P609,2,2428,2435,2428
P610,6,2434,2436,2434
P611,5,2435,2441,2435
P612,6,2440,2445,2440
P613,6,2444,2450,2444
P614,5,2449,2455,2449
P615,6,2454,2459,2454
P616,8,2458,2464,2458
P617,4,2463,2471,2463
P618,1,2470,2474,2470
P619,3,2473,2474,2473
P620,8,2473,2476,2473
P621,3,2475,2483,2475
P622,4,2482,2485,2482
P623,8,2484,2488,2484
P624,5,2487,2495,2487
P625,7,2494,2499,2494
P626,6,2498,2505,2498
P627,3,2504,2510,2504
P628,4,2509,2512,2509
P629,7,2511,2515,2511
P630,6,2514,2521,2514
P631,3,2520,2526,2520
P632,4,2525,2528,2525
P633,4,2527,2531,2527
P634,4,2530,2534,2530
P635,6,2533,2537,2533
P636,3,2536,2542,2536
P637,9,2541,2544,2541
P638,6,2543,2552,2543
P639,3,2551,2557,2551
P640,5,2556,2559,2556
P641,4,2558,2563,2558
P642,3,2562,2566,2562
P643,6,2565,2568,2565
P644,7,2567,2573,2567
P645,5,2572,2579,2572
P646,5,2578,2583,2578
P647,10,2582,2587,2582
P648,3,2586,2596,2586
P649,2,2595,2598,2595
P650,5,2597,2599,2597
P651,1,2598,2603,2598
P652,7,2602,2603,2602
P653,4,2602,2609,2602
P654,5,2608,2612,2608
P655,7,2611,2616,2611
P656,4,2615,2622,2615
P657,4,2621,2625,2621
P658,5,2624,2628,2624
P659,6,2627,2632,2627
P660,5,2631,2637,2631
P661,5,2636,2641,2636
P662,7,2640,2645,2640
P663,4,2644,2651,2644
P664,5,2650,2654,2650
P665,5,2653,2658,2653
P666,7,2657,2662,2657
P667,6,2661,2668,2661
P668,10,2667,2673,2667
P669,7,2672,2682,2672
P670,4,2681,2688,2681
P671,3,2687,2691,2687
P672,4,2690,2693,2690
P673,2,2692,2696,2692
P674,3,2695,2697,2695
P675,3,2696,2699,2696
P676,9,2698,2701,2698
P677,5,2700,2709,2700
P678,8,2708,2713,2708
P679,6,2712,2720,2712
P680,4,2719,2725,2719
P681,3,2724,2728,2724
P682,7,2727,2730,2727
P683,7,2729,2736,2729
P684,4,2735,2742,2735
P685,5,2741,2745,2741
P686,3,2744,2749,2744
P687,5,2748,2751,2748
P688,3,2750,2755,2750
P689,6,2754,2757,2754
P690,3,2756,2762,2756
P691,3,2761,2764,2761
P692,2,2763,2766,2763
P693,6,2765,2767,2765
P694,5,2766,2772,2766
P695,5,2771,2776,2771
P696,7,2775,2780,2775
P697,2,2779,2786,2779
P698,3,2785,2787,2785
P699,2,2786,2789,2786
P700,4,2788,2790,2788
P701,4,2789,2793,2789
P702,7,2792,2796,2792
P703,7,2795,2802,2795
P704,5,2801,2808,2801
P705,9,2807,2812,2807
P706,1,2811,2820,2811
P707,3,2819,2820,2819
P708,6,2819,2822,2819
P709,5,2821,2827,2821
P710,1,2826,2831,2826
P711,3,2830,2831,2830
P712,5,2830,2833,2830
P713,3,2832,2837,2832
P714,6,2836,2839,2836
P715,5,2838,2844,2838
P716,6,2843,2848,2843
P717,4,2847,2853,2847
P718,5,2852,2856,2852
P719,5,2855,2860,2855
P720,5,2859,2864,2859
P721,4,2863,2868,2863
P722,4,2867,2871,2867
P723,2,2870,2874,2870
P724,4,2873,2875,2873
P725,4,2874,2878,2874
P726,5,2877,2881,2877
P727,3,2880,2885,2880
P728,1,2884,2887,2884
P729,4,2886,2887,2886
P730,4,2886,2890,2886
P731,4,2889,2893,2889
P732,2,2892,2896,2892
P733,2,2895,2897,2895
P734,5,2896,2898,2896
P735,6,2897,2902,2897
P736,3,2901,2907,2901
P737,1,2906,2909,2906
P738,6,2908,2909,2908
P739,5,2908,2914,2908
P740,5,2913,2918,2913
P741,6,2917,2922,2917
P742,7,2921,2927,2921
P743,6,2926,2933,2926
P744,4,2932,2938,2932
P745,7,2937,2941,2937
P746,6,2940,2947,2940
P747,2,2946,2952,2946
P748,5,2951,2953,2951
P749,5,2952,2957,2952
P750,5,2956,2961,2956
P751,5,2960,2965,2960
P752,2,2964,2969,2964
P753,6,2968,2970,2968
P754,7,2969,2975,2969
P755,5,2974,2981,2974
P756,6,2980,2985,2980
P757,11,2984,2990,2984
P758,4,2989,3000,2989
P759,3,2999,3003,2999
P760,8,3002,3005,3002
P761,8,3004,3012,3004
P762,2,3011,3019,3011
P763,6,3018,3020,3018
P764,2,3019,3025,3019
P765,4,3024,3026,3024
P766,6,3025,3029,3025
P767,5,3028,3034,3028
P768,3,3033,3038,3033
P769,6,3037,3040,3037
P770,3,3039,3045,3039
P771,4,3044,3047,3044
P772,6,3046,3050,3046
P773,3,3049,3055,3049
P774,9,3054,3057,3054
P775,6,3056,3065,3056
P776,4,3064,3070,3064
P777,7,3069,3073,3069
P778,6,3072,3079,3072
P779,4,3078,3084,3078
P780,3,3083,3087,3083
P781,8,3086,3089,3086
P782,10,3088,3096,3088
P783,7,3095,3105,3095
P784,8,3104,3111,3104
P785,7,3110,3118,3110
P786,4,3117,3124,3117
P787,7,3123,3127,3123
P788,4,3126,3133,3126
P789,4,3132,3136,3132
P790,3,3135,3139,3135
P791,8,3138,3141,3138
P792,5,3140,3148,3140
P793,3,3147,3152,3147
P794,6,3151,3154,3151
P795,5,3153,3159,3153
P796,1,3158,3163,3158
P797,5,3162,3163,3162
P798,3,3162,3167,3162
P799,8,3166,3169,3166
P800,2,3168,3176,3168
P801,3,3175,3177,3175
P802,2,3176,3179,3176
P803,3,3178,3180,3178
P804,6,3179,3182,3179
P805,5,3181,3187,3181
P806,2,3186,3191,3186
P807,3,3190,3192,3190
P808,6,3191,3194,3191
P809,4,3193,3199,3193
P810,5,3198,3202,3198
P811,5,3201,3206,3201
P812,8,3205,3210,3205
P813,5,3209,3217,3209
P814,4,3216,3221,3216
P815,7,3220,3224,3220
P816,7,3223,3230,3223
P817,4,3229,3236,3229
P818,5,3235,3239,3235
P819,3,3238,3243,3238
P820,4,3242,3245,3242
P821,5,3244,3248,3244
P822,8,3247,3252,3247
P823,7,3251,3259,3251
P824,6,3258,3265,3258
P825,4,3264,3270,3264
P826,9,3269,3273,3269
P827,4,3272,3281,3272
P828,6,3280,3284,3280
P829,10,3283,3289,3283
P830,6,3288,3298,3288
P831,4,3297,3303,3297
P832,3,3302,3306,3302
P833,5,3305,3308,3305
P834,4,3307,3312,3307
P835,4,3311,3315,3311
P836,4,3314,3318,3314
P837,2,3317,3321,3317
P838,5,3320,3322,3320
P839,7,3321,3326,3321
P840,3,3325,3332,3325
P841,2,3331,3334,3331
P842,10,3333,3335,3333
P843,5,3334,3344,3334
P844,4,3343,3348,3343
P845,8,3347,3351,3347
P846,2,3350,3358,3350
P847,2,3357,3359,3357
P848,5,3358,3360,3358
P849,5,3359,3364,3359
P850,8,3363,3368,3363
P851,8,3367,3375,3367
P852,7,3374,3382,3374
P853,9,3381,3388,3381
P854,3,3387,3396,3387
P855,3,3395,3398,3395
P856,7,3397,3400,3397
P857,7,3399,3406,3399
P858,7,3405,3412,3405
P859,3,3411,3418,3411
P860,3,3417,3420,3417
P861,7,3419,3422,3419
P862,4,3421,3428,3421
P863,9,3427,3431,3427
P864,3,3430,3439,3430
P865,7,3438,3441,3438
P866,5,3440,3447,3440
P867,5,3446,3451,3446
P868,5,3450,3455,3450
P869,5,3454,3459,3454
P870,5,3458,3463,3458
P871,8,3462,3467,3462
P872,3,3466,3474,3466
P873,7,3473,3476,3473
P874,5,3475,3482,3475
P875,4,3481,3486,3481
P876,2,3485,3489,3485
P877,8,3488,3490,3488
P878,5,3489,3497,3489
P879,5,3496,3501,3496
P880,5,3500,3505,3500
P881,4,3504,3509,3504
P882,12,3508,3512,3508
P883,2,3511,3523,3511
P884,4,3522,3524,3522
P885,2,3523,3527,3523
P886,4,3526,3528,3526
P887,9,3527,3531,3527
P888,6,3530,3539,3530
P889,7,3538,3544,3538
P890,4,3543,3550,3543
P891,2,3549,3553,3549
P892,5,3552,3554,3552
P893,6,3553,3558,3553
P894,7,3557,3563,3557
P895,3,3562,3569,3562
P896,5,3568,3571,3568
P897,8,3570,3575,3570
P898,5,3574,3582,3574
P899,3,3581,3586,3581
P900,6,3585,3588,3585
P901,6,3587,3593,3587
P902,6,3592,3598,3592
P903,5,3597,3603,3597
P904,2,3602,3607,3602
P905,10,3606,3608,3606
P906,3,3607,3617,3607
P907,3,3616,3619,3616
P908,4,3618,3621,3618
P909,8,3620,3624,3620
P910,5,3623,3631,3623
P911,6,3630,3635,3630
P912,2,3634,3640,3634
P913,4,3639,3641,3639
P914,2,3640,3644,3640
P915,2,3643,3645,3643
P916,7,3644,3646,3644
P917,8,3645,3652,3645
P918,6,3651,3659,3651
P919,7,3658,3664,3658
P920,3,3663,3670,3663
P921,9,3669,3672,3669
P922,6,3671,3680,3671
P923,2,3679,3685,3679
P924,3,3684,3686,3684
P925,5,3685,3688,3685
P926,4,3687,3692,3687
P927,6,3691,3695,3691
P928,4,3694,3700,3694
P929,9,3699,3703,3699
P930,7,3702,3711,3702
P931,6,3710,3717,3710
P932,3,3716,3722,3716
P933,5,3721,3724,3721
P934,2,3723,3728,3723
P935,5,3727,3729,3727
P936,5,3728,3733,3728
P937,6,3732,3737,3732
P938,3,3736,3742,3736
P939,10,3741,3744,3741
P940,4,3743,3753,3743
P941,4,3752,3756,3752
P942,3,3755,3759,3755
P943,6,3758,3761,3758
P944,3,3760,3766,3760
P945,5,3765,3768,3765
P946,2,3767,3772,3767
P947,4,3771,3773,3771
P948,2,3772,3776,3772
P949,7,3775,3777,3775
P950,4,3776,3783,3776
P951,2,3782,3786,3782
P952,5,3785,3787,3785
P953,9,3786,3791,3786
P954,6,3790,3799,3790
P955,5,3798,3804,3798
P956,3,3803,3808,3803
P957,2,3807,3810,3807
P958,6,3809,3811,3809
P959,7,3810,3816,3810
P960,10,3815,3822,3815
P961,7,3821,3831,3821
P962,8,3830,3837,3830
P963,7,3836,3844,3836
P964,4,3843,3850,3843
P965,6,3849,3853,3849
P966,7,3852,3858,3852
P967,8,3857,3864,3857
P968,5,3863,3871,3863
P969,5,3870,3875,3870
P970,4,3874,3879,3874
P971,5,3878,3882,3878
P972,7,3881,3886,3881
P973,2,3885,3892,3885
P974,8,3891,3893,3891
P975,3,3892,3900,3892
P976,4,3899,3902,3899
P977,2,3901,3905,3901
P978,4,3904,3906,3904
P979,5,3905,3909,3905
P980,5,3908,3913,3908
P981,4,3912,3917,3912
P982,3,3916,3920,3916
P983,4,3919,3922,3919
P984,10,3921,3925,3921
P985,5,3924,3934,3924
P986,6,3933,3938,3933
P987,5,3937,3943,3937
P988,6,3942,3947,3942
P989,3,3946,3952,3946
P990,4,3951,3954,3951
P991,4,3953,3957,3953
P992,9,3956,3960,3956
P993,4,3959,3968,3959
P994,3,3967,3971,3967
P995,4,3970,3973,3970
P996,7,3972,3976,3972
P997,3,3975,3982,3975
P998,1,3981,3984,3981
P999,6,3983,3984,3983
P1000,4,3983,3989,3983
