Proc_name, runtime, waiting, turnaround, response
P1,1,0,0,0
P2,3,0,1,0
P3,2,0,3,0
P4,2,1,3,1
P5,1,1,3,1
P6,1,3,4,3
P7,4,4,5,4
P8,1,5,9,5
P9,1,8,9,8
P10,3,9,10,9
P11,2,10,13,10
P12,2,12,14,12
P13,1,14,16,14
P14,2,16,17,16
P15,2,17,19,17
P16,2,19,21,19
P17,2,20,22,20
P18,2,22,24,22
P19,1,24,26,24
P20,3,24,25,24
P21,1,24,27,24
P22,2,27,28,27
P23,3,28,30,28
P24,3,29,32,29
P25,1,31,34,31
P26,2,33,34,33
P27,1,33,35,33
P28,1,35,36,35
P29,2,36,37,36
P30,3,37,39,37
P31,1,37,40,37
P32,2,39,40,39
P33,1,40,42,40
P34,3,42,43,42
P35,1,43,46,43
P36,2,44,45,44
P37,4,44,46,44
P38,1,43,47,43
P39,2,45,46,45
P40,2,45,47,45
P41,2,46,48,46
P42,3,48,50,48
P43,3,49,52,49
P44,1,52,55,52
P45,3,53,54,53
P46,3,54,57,54
P47,3,57,60,57
P48,2,60,63,60
P49,1,63,65,63
P50,3,65,66,65
P51,4,64,67,64
P52,2,66,70,66
P53,1,70,72,70
P54,2,72,73,72
P55,1,70,72,70
P56,1,72,73,72
P57,2,73,74,73
P58,2,73,75,73
P59,1,75,77,75
P60,1,77,78,77
P61,2,76,77,76
P62,1,76,78,76
P63,4,77,78,77
P64,4,78,82,78
P65,1,80,84,80
P66,4,81,82,81
P67,2,81,85,81
P68,2,84,86,84
P69,1,85,87,85
P70,2,86,87,86
P71,3,87,89,87
P72,2,89,92,89
P73,1,91,93,91
P74,2,92,93,92
P75,2,90,92,90
P76,2,91,93,91
P77,1,92,94,92
P78,2,92,93,92
P79,2,91,93,91
P80,1,93,95,93
P81,4,93,94,93
P82,2,93,97,93
P83,3,94,96,94
P84,1,96,99,96
P85,2,99,100,99
P86,1,100,102,100
P87,1,101,102,101
P88,3,100,101,100
P89,2,100,103,100
P90,4,103,105,103
P91,2,104,108,104
P92,2,106,108,106
P93,1,105,107,105
P94,1,107,108,107
P95,2,105,106,105
P96,6,105,107,105
P97,2,107,113,107
P98,2,113,115,113
P99,3,114,116,114
P100,2,116,119,116
P101,2,117,119,117
P102,1,119,121,119
P103,3,120,121,120
P104,1,119,122,119
P105,1,122,123,122
P106,1,121,122,121
P107,3,119,120,119
P108,3,120,123,120
P109,1,120,123,120
P110,2,121,122,121
P111,3,121,123,121
P112,2,122,125,122
P113,2,123,125,123
P114,3,122,124,122
P115,1,122,125,122
P116,1,124,125,124
P117,2,123,124,123
P118,1,122,124,122
P119,2,124,125,124
P120,2,124,126,124
P121,2,126,128,126
P122,1,126,128,126
P123,2,128,129,128
P124,1,127,129,127
P125,1,127,128,127
P126,2,127,128,127
P127,5,127,129,127
P128,1,127,132,127
P129,1,132,133,132
P130,3,132,133,132
P131,1,132,135,132
P132,1,133,134,133
P133,1,134,135,134
P134,2,135,136,135
P135,3,136,138,136
P136,3,137,140,137
P137,1,140,143,140
P138,4,143,144,143
P139,2,144,148,144
P140,2,146,148,146
P141,1,148,150,148
P142,3,149,150,149
P143,2,149,152,149
P144,1,152,154,152
P145,1,153,154,153
P146,3,153,154,153
P147,2,153,156,153
P148,3,155,157,155
P149,1,156,159,156
P150,4,158,159,158
P151,1,158,162,158
P152,1,162,163,162
P153,4,161,162,161
P154,3,161,165,161
P155,3,164,167,164
P156,2,167,170,167
P157,2,167,169,167
P158,1,168,170,168
P159,1,168,169,168
P160,2,169,170,169
P161,2,169,171,169
P162,1,170,172,170
P163,3,169,170,169
P164,1,169,172,169
P165,4,170,171,170
P166,1,171,175,171
P167,3,174,175,174
P168,1,175,178,175
P169,1,178,179,178
P170,2,179,180,179
P171,2,179,181,179
P172,2,179,181,179
P173,1,181,183,181
P174,2,183,184,183
P175,2,182,184,182
P176,3,183,185,183
P177,2,183,186,183
P178,2,185,187,185
P179,3,185,187,185
P180,2,185,188,185
P181,3,186,188,186
P182,1,186,189,186
P183,3,189,190,189
P184,4,189,192,189
P185,3,191,195,191
P186,3,195,198,195
P187,5,197,200,197
P188,1,198,203,198
P189,1,202,203,202
P190,3,203,204,203
P191,3,204,207,204
P192,3,207,210,207
P193,2,209,212,209
P194,2,210,212,210
P195,2,210,212,210
P196,2,212,214,212
P197,1,212,214,212
P198,4,213,214,213
P199,1,212,216,212
P200,3,216,217,216
P201,2,216,219,216
P202,2,218,220,218
P203,4,217,219,217
P204,2,218,222,218
P205,2,220,222,220
P206,1,222,224,222
P207,4,223,224,223
P208,1,224,228,224
P209,2,226,227,226
P210,3,226,228,226
P211,2,223,226,223
P212,2,225,227,225
P213,2,227,229,227
P214,1,227,229,227
P215,3,228,229,228
P216,1,228,231,228
P217,1,230,231,230
P218,3,231,232,231
P219,1,230,233,230
P220,1,232,233,232
P221,2,232,233,232
P222,5,232,234,232
P223,2,233,238,233
P224,4,237,239,237
P225,1,237,241,237
P226,4,239,240,239
P227,2,239,243,239
P228,1,243,245,243
P229,2,241,242,241
P230,1,241,243,241
P231,1,243,244,243
P232,1,244,245,244
P233,4,244,245,244
P234,2,245,249,245
P235,1,249,251,249
P236,2,249,250,249
P237,2,250,252,250
P238,1,250,252,250
P239,2,251,252,251
P240,1,250,252,250
P241,3,249,250,249
P242,1,249,252,249
P243,2,251,252,251
P244,2,250,252,250
P245,1,249,251,249
P246,1,250,251,250
P247,1,250,251,250
P248,2,250,251,250
P249,2,251,253,251
P250,1,250,252,250
P251,4,250,251,250
P252,3,251,255,251
P253,2,253,256,253
P254,1,256,258,256
P255,2,257,258,257
P256,3,257,259,257
P257,3,258,261,258
P258,2,261,264,261
P259,1,264,266,264
P260,1,265,266,265
P261,2,265,266,265
P262,2,264,266,264
P263,2,266,268,266
P264,1,266,268,266
P265,4,267,268,267
P266,2,266,270,266
P267,1,270,272,270
P268,2,270,271,270
P269,2,270,272,270
P270,1,269,271,269
P271,2,270,271,270
P272,1,271,273,271
P273,2,271,272,271
P274,2,271,273,271
P275,1,273,275,273
P276,1,275,276,275
P277,3,275,276,275
P278,2,276,279,276
P279,2,278,280,278
P280,3,279,281,279
P281,3,280,283,280
P282,3,280,283,280
P283,2,283,286,283
P284,2,284,286,284
P285,1,284,286,284
P286,3,285,286,285
P287,2,285,288,285
P288,3,287,289,287
P289,3,289,292,289
P290,2,292,295,292
P291,1,295,297,295
P292,1,296,297,296
P293,1,297,298,297
P294,2,298,299,298
P295,4,299,301,299
P296,2,300,304,300
P297,4,304,306,304
P298,2,305,309,305
P299,1,309,311,309
P300,1,311,312,311
P301,1,309,310,309
P302,3,309,310,309
P303,2,308,311,308
P304,2,311,313,311
P305,1,312,314,312
P306,1,314,315,314
P307,1,314,315,314
P308,2,314,315,314
P309,2,314,316,314
P310,2,316,318,316
P311,2,317,319,317
P312,2,318,320,318
P313,2,319,321,319
P314,2,320,322,320
P315,2,320,322,320
P316,1,321,323,321
P317,2,321,322,321
P318,2,321,323,321
P319,1,322,324,322
P320,1,322,323,322
P321,4,321,322,321
P322,1,321,325,321
P323,2,324,325,324
P324,1,323,325,323
P325,3,323,324,323
P326,2,324,327,324
P327,3,325,327,325
P328,2,327,330,327
P329,2,330,332,330
P330,3,332,334,332
P331,2,331,334,331
P332,2,333,335,333
P333,2,333,335,333
P334,1,335,337,335
P335,3,337,338,337
P336,2,336,339,336
P337,3,339,341,339
P338,1,339,342,339
P339,1,342,343,342
P340,1,342,343,342
P341,3,343,344,343
P342,2,341,344,341
P343,2,344,346,344
P344,2,346,348,346
P345,2,345,347,345
P346,1,347,349,347
P347,3,348,349,348
P348,2,348,351,348
P349,1,350,352,350
P350,1,350,351,350
P351,3,349,350,349
P352,2,350,353,350
P353,2,353,355,353
P354,1,354,356,354
P355,1,355,356,355
P356,1,355,356,355
P357,1,355,356,355
P358,1,355,356,355
P359,4,356,357,356
P360,2,356,360,356
P361,2,359,361,359
P362,3,361,363,361
P363,5,360,363,360
P364,1,362,367,362
P365,2,366,367,366
P366,1,367,369,367
P367,1,368,369,368
P368,2,367,368,367
P369,3,366,368,366
P370,1,367,370,367
P371,4,370,371,370
P372,1,370,374,370
P373,1,373,374,373
P374,2,373,374,373
P375,1,373,375,373
P376,3,375,376,375
P377,3,375,378,375
P378,1,377,380,377
P379,2,379,380,379
P380,2,380,382,380
P381,1,381,383,381
P382,2,383,384,383
P383,2,383,385,383
P384,1,384,386,384
P385,1,385,386,385
P386,4,384,385,384
P387,2,385,389,385
P388,2,389,391,389
P389,1,391,393,391
P390,1,393,394,393
P391,2,392,393,392
P392,1,392,394,392
P393,2,394,395,394
P394,2,395,397,395
P395,3,397,399,397
P396,2,399,402,399
P397,3,400,402,400
P398,3,401,404,401
P399,1,403,406,403
P400,1,403,404,403
P401,1,403,404,403
P402,3,404,405,404
P403,1,402,405,402
P404,2,403,404,403
P405,2,403,405,403
P406,2,403,405,403
P407,2,401,403,401
P408,1,402,404,402
P409,2,403,404,403
P410,3,403,405,403
P411,5,405,408,405
P412,1,407,412,407
P413,4,411,412,411
P414,1,409,413,409
P415,5,412,413,412
P416,2,413,418,413
P417,1,416,418,416
P418,4,417,418,417
P419,2,417,421,417
P420,2,419,421,419
P421,1,420,422,420
P422,2,421,422,421
P423,2,421,423,421
P424,1,422,424,422
P425,3,421,422,421
P426,3,421,424,421
P427,1,423,426,423
P428,1,426,427,426
P429,1,426,427,426
P430,2,425,426,425
P431,2,425,427,425
P432,2,426,428,426
P433,3,427,429,427
P434,1,429,432,429
P435,1,431,432,431
P436,2,431,432,431
P437,1,432,434,432
P438,2,434,435,434
P439,3,435,437,435
P440,2,436,439,436
P441,1,439,441,439
P442,3,439,440,439
P443,1,438,441,438
P444,2,440,441,440
P445,2,440,442,440
P446,2,441,443,441
P447,3,442,444,442
P448,2,444,447,444
P449,1,445,447,445
P450,1,447,448,447
P451,3,446,447,446
P452,1,446,449,446
P453,1,449,450,449
P454,3,449,450,449
P455,2,450,453,450
P456,1,451,453,451
P457,2,452,453,452
P458,2,452,454,452
P459,2,454,456,454
P460,2,456,458,456
P461,4,457,459,457
P462,2,458,462,458
P463,1,461,463,461
P464,3,463,464,463
P465,1,463,466,463
P466,3,465,466,465
P467,2,465,468,465
P468,2,467,469,467
P469,5,469,471,469
P470,3,470,475,470
P471,3,473,476,473
P472,2,475,478,475
P473,1,476,478,476
P474,2,476,477,476
P475,4,476,478,476
P476,2,478,482,478
P477,5,479,481,479
P478,3,481,486,481
P479,1,483,486,483
P480,1,486,487,486
P481,1,487,488,487
P482,1,487,488,487
P483,2,487,488,487
P484,1,486,488,486
P485,3,486,487,486
P486,2,487,490,487
P487,3,489,491,489
P488,3,490,493,490
P489,3,493,496,493
P490,3,496,499,496
P491,1,499,502,499
P492,1,501,502,501
P493,3,501,502,501
P494,2,502,505,502
P495,4,503,505,503
P496,1,505,509,505
P497,3,506,507,506
P498,3,507,510,507
P499,1,510,513,510
P500,1,512,513,512
P501,3,513,514,513
P502,1,513,516,513
P503,4,516,517,516
P504,2,516,520,516
P505,1,519,521,519
P506,2,519,520,519
P507,1,519,521,519
P508,1,520,521,520
P509,4,518,519,518
P510,4,519,523,519
P511,3,522,526,522
P512,2,525,528,525
P513,2,528,530,528
P514,1,529,531,529
P515,4,531,532,531
P516,2,530,534,530
P517,4,533,535,533
P518,2,535,539,535
P519,3,539,541,539
P520,3,541,544,541
P521,1,544,547,544
P522,2,547,548,547
P523,2,548,550,548
P524,2,547,549,547
P525,3,547,549,547
P526,1,548,551,548
P527,4,551,552,551
P528,1,551,555,551
P529,4,553,554,553
P530,3,554,558,554
P531,2,557,560,557
P532,2,558,560,558
P533,2,557,559,557
P534,2,557,559,557
P535,2,557,559,557
P536,1,557,559,557
P537,3,559,560,559
P538,1,558,561,558
P539,1,561,562,561
P540,1,560,561,560
P541,2,559,560,559
P542,3,560,562,560
P543,1,559,562,559
P544,2,561,562,561
P545,2,562,564,562
P546,1,564,566,564
P547,1,566,567,566
P548,3,566,567,566
P549,2,567,570,567
P550,2,568,570,568
P551,2,567,569,567
P552,2,568,570,568
P553,3,570,572,570
P554,2,572,575,572
P555,2,573,575,573
P556,4,575,577,575
P557,1,577,581,577
P558,2,580,581,580
P559,3,580,582,580
P560,1,581,584,581
P561,2,584,585,584
P562,2,585,587,585
P563,1,587,589,587
P564,3,589,590,589
P565,2,590,593,590
P566,3,590,592,590
P567,2,592,595,592
P568,3,595,597,595
P569,4,597,600,597
P570,1,599,603,599
P571,2,602,603,602
P572,1,603,605,603
P573,1,604,605,604
P574,2,605,606,605
P575,2,605,607,605
P576,3,607,609,607
P577,1,609,612,609
P578,2,611,612,611
P579,2,610,612,610
P580,2,612,614,612
P581,1,613,615,613
P582,2,615,616,615
P583,1,616,618,616
P584,4,616,617,616
P585,3,615,619,615
P586,1,618,621,618
P587,2,621,622,621
P588,1,622,624,622
P589,1,624,625,624
P590,1,621,622,621
P591,3,622,623,622
P592,1,621,624,621
P593,3,622,623,622
P594,4,621,624,621
P595,4,624,628,624
P596,4,627,631,627
P597,1,630,634,630
P598,2,634,635,634
P599,1,634,636,634
P600,2,635,636,635
P601,1,635,637,635
P602,3,636,637,636
P603,1,637,640,637
P604,1,637,638,637
P605,1,636,637,636
P606,3,636,637,636
P607,1,636,639,636
P608,2,637,638,637
P609,2,637,639,637
P610,2,638,640,638
P611,3,638,640,638
P612,1,639,642,639
P613,3,641,642,641
P614,2,642,645,642
P615,2,644,646,644
P616,2,646,648,646
P617,2,647,649,647
P618,2,649,651,649
P619,1,649,651,649
P620,1,651,652,651
P621,4,652,653,652
P622,2,653,657,653
P623,1,657,659,657
P624,2,657,658,657
P625,1,657,659,657
P626,3,659,660,659
P627,3,659,662,659
P628,2,660,663,660
P629,3,662,664,662
P630,3,663,666,663
P631,1,666,669,666
P632,1,669,670,669
P633,1,670,671,670
P634,1,671,672,671
P635,2,671,672,671
P636,1,672,674,672
P637,3,672,673,672
P638,1,671,674,671
P639,1,674,675,674
P640,2,675,676,675
P641,2,673,675,673
P642,1,675,677,675
P643,2,677,678,677
P644,4,676,678,676
P645,2,677,681,677
P646,1,680,682,680
P647,2,681,682,681
P648,3,682,684,682
P649,1,682,685,682
P650,4,683,684,683
P651,2,683,687,683
P652,4,686,688,686
P653,1,684,688,684
P654,2,687,688,687
P655,2,688,690,688
P656,1,689,691,689
P657,1,687,688,687
P658,2,688,689,688
P659,2,689,691,689
P660,3,691,693,691
P661,1,692,695,692
P662,1,694,695,694
P663,1,694,695,694
P664,3,694,695,694
P665,3,695,698,695
P666,2,698,701,698
P667,2,701,703,701
P668,3,703,705,703
P669,1,705,708,705
P670,2,707,708,707
P671,2,708,710,708
P672,4,710,712,710
P673,2,712,716,712
P674,1,715,717,715
P675,2,717,718,717
P676,3,717,719,717
P677,1,718,721,718
P678,2,721,722,721
P679,2,722,724,722
P680,4,723,725,723
P681,2,725,729,725
P682,3,728,730,728
P683,2,730,733,730
P684,2,732,734,732
P685,3,734,736,734
P686,2,736,739,736
P687,3,737,739,737
P688,2,739,742,739
P689,1,742,744,742
P690,3,744,745,744
P691,2,744,747,744
P692,2,743,745,743
P693,3,745,747,745
P694,2,747,750,747
P695,1,750,752,750
P696,1,752,753,752
P697,1,753,754,753
P698,2,750,751,750
P699,3,751,753,751
P700,2,751,754,751
P701,2,753,755,753
P702,3,754,756,754
P703,2,755,758,755
P704,2,755,757,755
P705,3,755,757,755
P706,2,757,760,757
P707,1,759,761,759
P708,3,760,761,760
P709,5,758,761,758
P710,2,760,765,760
P711,2,763,765,763
P712,1,761,763,761
P713,1,761,762,761
P714,3,761,762,761
P715,1,762,765,762
P716,1,765,766,765
P717,1,765,766,765
P718,1,764,765,764
P719,2,764,765,764
P720,3,765,767,765
P721,2,766,769,766
P722,2,769,771,769
P723,1,769,771,769
P724,3,769,770,769
P725,2,770,773,770
P726,1,772,774,772
P727,3,771,772,771
P728,3,771,774,771
P729,1,774,777,774
P730,1,777,778,777
P731,1,777,778,777
P732,1,776,777,776
P733,2,775,776,775
P734,2,776,778,776
P735,2,777,779,777
P736,1,778,780,778
P737,1,780,781,780
P738,1,780,781,780
P739,2,780,781,780
P740,1,781,783,781
P741,2,781,782,781
P742,2,779,781,779
P743,2,780,782,780
P744,2,782,784,782
P745,2,783,785,783
P746,3,783,785,783
P747,1,785,788,785
P748,1,786,787,786
P749,4,786,787,786
P750,3,785,789,785
P751,1,788,791,788
P752,1,791,792,791
P753,2,790,791,790
P754,1,789,791,789
P755,2,788,789,788
P756,1,788,790,788
P757,2,786,787,786
P758,1,786,788,786
P759,2,787,788,787
P760,3,787,789,787
P761,2,786,789,786
P762,2,787,789,787
P763,2,787,789,787
P764,5,789,791,789
P765,2,788,793,788
P766,1,792,794,792
P767,3,793,794,793
P768,1,794,797,794
P769,2,797,798,797
P770,2,798,800,798
P771,2,798,800,798
P772,1,799,801,799
P773,1,800,801,800
P774,2,801,802,801
P775,1,801,803,801
P776,1,803,804,803
P777,1,801,802,801
P778,3,802,803,802
P779,2,800,803,800
P780,2,802,804,802
P781,2,803,805,803
P782,2,805,807,805
P783,2,804,806,804
P784,3,805,807,805
P785,1,804,807,804
P786,4,806,807,806
P787,2,807,811,807
P788,1,810,812,810
P789,2,812,813,812
P790,1,811,813,811
P791,3,813,814,813
P792,1,814,817,814
P793,3,817,818,817
P794,2,817,820,817
P795,4,819,821,819
P796,3,820,824,820
P797,2,822,825,822
P798,2,824,826,824
P799,1,824,826,824
P800,3,826,827,826
P801,1,824,827,824
P802,4,826,827,826
P803,4,827,831,827
P804,1,830,834,830
P805,2,834,835,834
P806,3,835,837,835
P807,1,836,839,836
P808,2,838,839,838
P809,2,837,839,837
P810,4,838,840,838
P811,2,839,843,839
P812,2,842,844,842
P813,3,843,845,843
P814,1,845,848,845
P815,1,847,848,847
P816,2,846,847,846
P817,1,847,849,847
P818,1,849,850,849
P819,5,849,850,849
P820,2,849,854,849
P821,2,851,853,851
P822,2,852,854,852
P823,2,854,856,854
P824,3,853,855,853
P825,1,855,858,855
P826,3,857,858,857
P827,4,857,860,857
P828,1,859,863,859
P829,2,863,864,863
P830,2,863,865,863
P831,1,864,866,864
P832,2,866,867,866
P833,3,867,869,867
P834,1,868,871,868
P835,4,871,872,871
P836,1,872,876,872
P837,2,876,877,876
P838,1,873,875,873
P839,3,872,873,872
P840,3,872,875,872
P841,1,874,877,874
P842,1,876,877,876
P843,1,877,878,877
P844,2,874,875,874
P845,2,872,874,872
P846,3,869,871,869
P847,2,870,873,870
P848,2,873,875,873
P849,2,874,876,874
P850,1,873,875,873
P851,1,873,874,873
P852,2,874,875,874
P853,2,872,874,872
P854,2,873,875,873
P855,3,874,876,874
P856,1,873,876,873
P857,2,876,877,876
P858,1,874,876,874
P859,1,876,877,876
P860,2,877,878,877
P861,2,878,880,878
P862,1,879,881,879
P863,4,881,882,881
P864,3,881,885,881
P865,2,885,888,885
P866,1,886,888,886
P867,3,888,889,888
P868,3,887,890,887
P869,2,890,893,890
P870,2,892,894,892
P871,1,893,895,893
P872,2,892,893,892
P873,2,893,895,893
P874,1,895,897,895
P875,2,897,898,897
P876,3,897,899,897
P877,2,896,899,896
P878,1,898,900,898
P879,2,900,901,900
P880,2,900,902,900
P881,2,902,904,902
P882,2,903,905,903
P883,3,904,906,904
P884,3,903,906,903
P885,1,906,909,906
P886,4,909,910,909
P887,1,909,913,909
P888,2,913,914,913
P889,1,914,916,914
P890,2,916,917,916
P891,2,917,919,917
P892,1,917,919,917
P893,2,919,920,919
P894,1,919,921,919
P895,3,919,920,919
P896,2,920,923,920
P897,4,923,925,923
P898,2,924,928,924
P899,5,928,930,928
P900,2,930,935,930
P901,2,934,936,934
P902,3,936,938,936
P903,1,937,940,937
P904,3,939,940,939
P905,2,940,943,940
P906,3,942,944,942
P907,2,942,945,942
P908,2,944,946,944
P909,3,946,948,946
P910,1,945,948,945
P911,2,948,949,948
P912,3,949,951,949
P913,3,951,954,951
P914,2,953,956,953
P915,1,954,956,954
P916,4,956,957,956
P917,4,957,961,957
P918,6,957,961,957
P919,3,961,967,961
P920,2,967,970,967
P921,2,968,970,968
P922,2,968,970,968
P923,1,967,969,967
P924,1,969,970,969
P925,1,969,970,969
P926,1,970,971,970
P927,2,968,969,968
P928,2,967,969,967
P929,2,968,970,968
P930,2,970,972,970
P931,3,970,972,970
P932,3,970,973,970
P933,1,972,975,972
P934,1,974,975,974
P935,2,974,975,974
P936,6,975,977,975
P937,3,974,980,974
P938,5,979,982,979
P939,1,981,986,981
P940,1,985,986,985
P941,1,984,985,984
P942,2,984,985,984
P943,2,985,987,985
P944,1,987,989,987
P945,2,988,989,988
P946,2,987,989,987
P947,3,988,990,988
P948,5,989,992,989
P949,5,992,997,992
P950,1,996,1001,996
P951,1,1000,1001,1000
P952,1,1001,1002,1001
P953,1,1001,1002,1001
P954,1,1001,1002,1001
P955,1,1002,1003,1002
P956,1,1002,1003,1002
P957,1,1002,1003,1002
P958,1,1003,1004,1003
P959,3,1002,1003,1002
P960,1,1000,1003,1000
P961,1,1003,1004,1003
P962,1,1003,1004,1003
P963,2,1003,1004,1003
P964,3,1001,1003,1001
P965,2,1000,1003,1000
P966,1,1003,1005,1003
P967,3,1004,1005,1004
P968,5,1005,1008,1005
P969,2,1007,1012,1007
P970,3,1012,1014,1012
P971,1,1014,1017,1014
P972,2,1015,1016,1015
P973,1,1013,1015,1013
P974,2,1015,1016,1015
P975,4,1016,1018,1016
P976,2,1017,1021,1017
P977,3,1020,1022,1020
P978,5,1021,1024,1021
P979,2,1022,1027,1022
P980,1,1027,1029,1027
P981,2,1029,1030,1029
P982,2,1030,1032,1030
P983,3,1032,1034,1032
P984,2,1033,1036,1033
P985,2,1036,1038,1036
P986,2,1036,1038,1036
P987,2,1037,1039,1037
P988,2,1036,1038,1036
P989,1,1037,1039,1037
P990,1,1038,1039,1038
P991,2,1038,1039,1038
P992,1,1039,1041,1039
P993,2,1040,1041,1040
P994,1,1039,1041,1039
P995,1,1041,1042,1041
P996,4,1042,1043,1042
P997,3,1041,1045,1041
P998,1,1045,1048,1045
P999,1,1047,1048,1047
P1000,4,1047,1048,1047
