Proc_name, runtime, waiting, turnaround, response
P1,1,0,0,0
P2,3,0,1,0
P3,2,0,3,0
P4,2,13,0,1
P5,1,0,2,0
P6,1,7,8,7
P7,4,6,7,6
P8,1,65,69,49
P9,1,46,47,46
P10,3,45,0,22
P11,2,34,37,34
P12,2,145,147,145
P13,1,31,33,31
P14,2,106,0,25
P15,2,7,9,7
P16,2,0,2,0
P17,2,3688,1846,1844
P18,2,2570,1553,532
P19,1,3168,1586,1584
P20,3,0,1,0
P21,1,2066,1036,1033
P22,2,2,3,2
P23,3,2602,1303,1301
P24,3,6,9,6
P25,1,30,33,30
P26,2,2,3,2
P27,1,229,231,139
P28,1,3332,1667,1666
P29,2,2,3,2
P30,3,2598,1301,1299
P31,1,8,0,4
P32,2,70,36,35
P33,1,2442,1223,1221
P34,3,156,79,78
P35,1,1448,805,156
P36,2,1984,0,612
P37,4,2440,1222,1220
P38,1,0,4,0
P39,2,402,202,201
P40,2,40,42,40
P41,2,3109,1934,755
P42,3,44,0,30
P43,3,0,3,0
P44,1,17,20,17
P45,3,5,6,5
P46,3,31,34,18
P47,3,148,151,148
P48,2,3824,1915,1912
P49,1,127,129,127
P50,3,82,0,66
P51,4,0,3,0
P52,2,459,463,459
P53,1,2418,1211,1209
P54,2,3,4,3
P55,1,123,125,123
P56,1,382,192,191
P57,2,168,0,62
P58,2,2556,1280,1278
P59,1,150,152,150
P60,1,130,66,65
P61,2,306,0,64
P62,1,2408,1206,1204
P63,4,65,66,65
P64,4,2147,1130,37
P65,1,299,303,38
P66,4,1503,0,937
P67,2,2260,1134,1130
P68,2,12,14,12
P69,1,0,2,0
P70,2,1398,0,63
P71,3,28,16,14
P72,2,3476,1741,1738
P73,1,60,0,17
P74,2,128,65,64
P75,2,0,2,0
P76,2,60,62,17
P77,1,19,21,19
P78,2,0,1,0
P79,2,2370,1187,1185
P80,1,1861,0,480
P81,4,3344,1673,1672
P82,2,21,25,21
P83,3,67,69,67
P84,1,25,28,25
P85,2,352,177,176
P86,1,2362,1183,1181
P87,1,3678,1840,1839
P88,3,0,1,0
P89,2,49,52,49
P90,4,65,67,65
P91,2,2218,1113,1109
P92,2,0,2,0
P93,1,1393,0,61
P94,1,60,31,30
P95,2,0,1,0
P96,6,1590,916,238
P97,2,3182,1597,1591
P98,2,80,82,80
P99,3,8,10,8
P100,2,0,3,0
P101,2,1408,706,704
P102,1,830,0,105
P103,3,8,5,4
P104,1,173,0,22
P105,1,350,0,31
P106,1,1808,905,904
P107,3,16,17,16
P108,3,3706,1856,1853
P109,1,1902,954,951
P110,2,0,1,0
P111,3,2758,1381,1379
P112,2,0,3,0
P113,2,90,92,90
P114,3,0,2,0
P115,1,3076,1541,1538
P116,1,1627,0,226
P117,2,253,0,16
P118,1,0,2,0
P119,2,117,118,117
P120,2,81,83,81
P121,2,1926,0,1926
P122,1,0,2,0
P123,2,444,223,222
P124,1,121,123,121
P125,1,18,10,9
P126,2,0,1,0
P127,5,3,5,3
P128,1,3080,1545,1540
P129,1,73,74,73
P130,3,95,0,5
P131,1,1850,928,925
P132,1,5,6,5
P133,1,0,1,0
P134,2,3110,1556,1555
P135,3,2248,1126,1124
P136,3,160,163,160
P137,1,1319,823,321
P138,4,5,6,5
P139,2,490,494,375
P140,2,0,2,0
P141,1,106,0,67
P142,3,3,4,3
P143,2,3202,1604,1601
P144,1,2215,1439,659
P145,1,80,41,40
P146,3,204,205,204
P147,2,1040,0,71
P148,3,3700,1852,1850
P149,1,132,69,66
P150,4,778,0,219
P151,1,2094,1051,1047
P152,1,1702,0,495
P153,4,205,0,205
P154,3,0,4,0
P155,3,68,71,68
P156,2,3,6,3
P157,2,18,20,18
P158,1,2700,1552,400
P159,1,3276,1639,1638
P160,2,84,85,84
P161,2,0,2,0
P162,1,1515,0,661
P163,3,3058,1530,1529
P164,1,0,3,0
P165,4,3160,1581,1580
P166,1,140,144,140
P167,3,2746,1374,1373
P168,1,103,0,24
P169,1,77,78,77
P170,2,152,77,76
P171,2,657,659,657
P172,2,399,401,399
P173,1,389,391,389
P174,2,534,268,267
P175,2,72,74,3
P176,3,5,7,5
P177,2,1382,837,286
P178,2,0,2,0
P179,3,2,4,2
P180,2,1764,885,882
P181,3,2153,1401,645
P182,1,1764,885,882
P183,3,78,0,78
P184,4,0,3,0
P185,3,3080,1544,1540
P186,3,2942,1474,1471
P187,5,36,39,36
P188,1,3152,1581,1576
P189,1,316,159,158
P190,3,130,66,65
P191,3,340,343,340
P192,3,1758,882,879
P193,2,35,38,35
P194,2,2,0,2
P195,2,0,2,0
P196,2,2142,1073,1071
P197,1,13,15,13
P198,4,1835,0,170
P199,1,266,270,92
P200,3,0,1,0
P201,2,28,31,28
P202,2,244,0,54
P203,4,2126,1065,1063
P204,2,2354,1234,106
P205,2,0,2,0
P206,1,2124,1064,1062
P207,4,74,38,37
P208,1,2500,1254,1250
P209,2,52,53,52
P210,3,410,0,61
P211,2,317,191,59
P212,2,228,0,61
P213,2,0,2,0
P214,1,2108,1056,1054
P215,3,86,44,43
P216,1,3160,1583,1580
P217,1,1336,0,150
P218,3,2940,1471,1470
P219,1,3466,1736,1733
P220,1,39,40,39
P221,2,78,40,39
P222,5,361,0,56
P223,2,39,44,39
P224,4,2060,1357,650
P225,1,0,4,0
P226,4,286,144,143
P227,2,469,473,81
P228,1,14,16,14
P229,2,139,140,139
P230,1,0,2,0
P231,1,278,140,139
P232,1,27,28,27
P233,4,1277,0,139
P234,2,3220,1614,1610
P235,1,2070,1037,1035
P236,2,3350,1676,1675
P237,2,1438,765,88
P238,1,6,8,6
P239,2,1523,0,139
P240,1,2798,1693,584
P241,3,1518,0,136
P242,1,152,155,152
P243,2,194,0,138
P244,2,2696,1350,1348
P245,1,135,137,135
P246,1,0,1,0
P247,1,3318,1660,1659
P248,2,268,135,134
P249,2,0,2,0
P250,1,2475,1525,571
P251,4,3308,1655,1654
P252,3,55,59,55
P253,2,717,494,265
P254,1,266,145,20
P255,2,1470,736,735
P256,3,1140,572,570
P257,3,29,32,29
P258,2,3020,1513,1510
P259,1,62,64,62
P260,1,748,375,374
P261,2,46,47,46
P262,2,60,62,60
P263,2,0,2,0
P264,1,2821,1695,565
P265,4,0,1,0
P266,2,0,4,0
P267,1,1996,1000,998
P268,2,944,473,472
P269,2,54,56,54
P270,1,0,2,0
P271,2,2508,1255,1254
P272,1,52,54,52
P273,2,70,0,70
P274,2,0,2,0
P275,1,51,53,51
P276,1,2808,1405,1404
P277,3,1942,972,971
P278,2,12,15,12
P279,2,1976,990,988
P280,3,353,355,353
P281,3,0,3,0
P282,3,173,176,173
P283,2,3016,1511,1508
P284,2,1966,985,983
P285,1,1966,985,983
P286,3,2786,1394,1393
P287,2,574,577,171
P288,3,1968,986,984
P289,3,174,177,174
P290,2,3008,1507,1504
P291,1,1964,984,982
P292,1,3232,1617,1616
P293,1,142,0,108
P294,2,222,112,111
P295,4,2044,1024,1022
P296,2,19,23,19
P297,4,2046,1025,1023
P298,2,2846,1427,1423
P299,1,3,5,3
P300,1,3426,1714,1713
P301,1,1844,923,922
P302,3,2524,1263,1262
P303,2,1788,897,894
P304,2,6,8,6
P305,1,0,2,0
P306,1,1838,920,919
P307,1,2762,1382,1381
P308,2,206,0,101
P309,2,0,2,0
P310,2,3294,1649,1647
P311,2,2876,1440,1438
P312,2,1942,973,971
P313,2,62,33,31
P314,2,1942,973,971
P315,2,1626,815,813
P316,1,1940,972,970
P317,2,1358,680,679
P318,2,1480,947,410
P319,1,1936,970,968
P320,1,0,1,0
P321,4,0,1,0
P322,1,23,27,23
P323,2,1348,675,674
P324,1,235,237,235
P325,3,1342,672,671
P326,2,1782,894,891
P327,3,1012,508,506
P328,2,368,371,368
P329,2,504,506,504
P330,3,2530,1267,1265
P331,2,17,20,17
P332,2,0,2,0
P333,2,1904,954,952
P334,1,1384,839,290
P335,3,184,93,92
P336,2,1788,897,894
P337,3,291,293,291
P338,1,573,0,361
P339,1,0,1,0
P340,1,2838,1420,1419
P341,3,69,70,69
P342,2,3326,1666,1663
P343,2,418,420,313
P344,2,1892,948,946
P345,2,982,493,491
P346,1,493,495,493
P347,3,3128,1565,1564
P348,2,4,7,4
P349,1,311,313,311
P350,1,2396,1199,1198
P351,3,1634,818,817
P352,2,1711,1069,421
P353,2,618,311,309
P354,1,1951,1221,487
P355,1,2412,1207,1206
P356,1,0,1,0
P357,1,154,0,53
P358,1,772,387,386
P359,4,0,1,0
P360,2,3308,1658,1654
P361,2,0,2,0
P362,3,2352,1420,484
P363,5,0,3,0
P364,1,186,191,186
P365,2,272,273,272
P366,1,1852,928,926
P367,1,62,63,62
P368,2,2364,1183,1182
P369,3,58,60,58
P370,1,0,3,0
P371,4,2246,1124,1123
P372,1,2160,1084,1080
P373,1,52,53,52
P374,2,56,57,56
P375,1,473,475,473
P376,3,0,1,0
P377,3,94,97,94
P378,1,59,62,59
P379,2,53,54,53
P380,2,0,2,0
P381,1,213,215,213
P382,2,2344,1173,1172
P383,2,1826,915,913
P384,1,0,2,0
P385,1,198,199,198
P386,4,259,260,259
P387,2,1,5,1
P388,2,2938,1471,1469
P389,1,60,62,55
P390,1,1125,0,254
P391,2,2952,1477,1476
P392,1,1816,910,908
P393,2,585,0,257
P394,2,2,4,2
P395,3,1416,710,708
P396,2,1733,939,139
P397,3,4,4,2
P398,3,1342,674,671
P399,1,138,141,138
P400,1,348,0,253
P401,1,2582,1292,1291
P402,3,74,38,37
P403,1,33,36,33
P404,2,0,1,0
P405,2,1792,898,896
P406,2,0,2,0
P407,2,0,2,0
P408,1,1153,714,271
P409,2,2172,1087,1086
P410,3,546,275,273
P411,5,1308,657,654
P412,1,0,5,0
P413,4,1346,0,237
P414,1,89,93,89
P415,5,236,237,236
P416,2,0,5,0
P417,1,25,27,25
P418,4,745,0,256
P419,2,1,5,1
P420,2,428,430,428
P421,1,858,431,429
P422,2,12,0,10
P423,2,1100,581,58
P424,1,2920,1462,1460
P425,3,498,250,249
P426,3,1635,912,183
P427,1,42,45,42
P428,1,733,0,261
P429,1,2526,1264,1263
P430,2,1331,0,311
P431,2,0,2,0
P432,2,502,504,502
P433,3,49,51,49
P434,1,434,437,39
P435,1,2064,1033,1032
P436,2,2954,1478,1477
P437,1,501,503,501
P438,2,2226,1114,1113
P439,3,415,417,415
P440,2,0,3,0
P441,1,502,504,502
P442,3,4,5,4
P443,1,1246,626,623
P444,2,2216,1109,1108
P445,2,498,500,498
P446,2,3158,1581,1579
P447,3,0,2,0
P448,2,2402,1204,1201
P449,1,1777,1140,499
P450,1,1098,550,549
P451,3,3,0,3
P452,1,0,3,0
P453,1,1096,549,548
P454,3,1096,549,548
P455,2,3138,1572,1569
P456,1,402,0,400
P457,2,1092,547,546
P458,2,1682,843,841
P459,2,2604,1304,1302
P460,2,1338,671,669
P461,4,1206,0,401
P462,2,1992,1000,996
P463,1,1469,938,403
P464,3,1,2,1
P465,1,17,20,17
P466,3,2908,1455,1454
P467,2,0,3,0
P468,2,1672,838,836
P469,5,2266,1135,1133
P470,3,154,159,154
P471,3,2664,1335,1332
P472,2,99,102,99
P473,1,2250,1127,1125
P474,2,18,10,9
P475,4,2252,1128,1126
P476,2,1350,698,38
P477,5,0,2,0
P478,3,2974,1492,1487
P479,1,1898,952,949
P480,1,2148,1075,1074
P481,1,1048,525,524
P482,1,2412,1207,1206
P483,2,2762,1382,1381
P484,1,0,2,0
P485,3,1040,521,520
P486,2,170,88,85
P487,3,2499,1445,387
P488,3,0,3,0
P489,3,2630,1318,1315
P490,3,2636,1321,1318
P491,1,2186,1096,1093
P492,1,2168,1085,1084
P493,3,2396,1199,1198
P494,2,5,8,5
P495,4,1622,813,811
P496,1,16,20,16
P497,3,2388,1195,1194
P498,3,3030,1518,1515
P499,1,3,6,3
P500,1,2388,1195,1194
P501,3,705,0,85
P502,1,3040,1523,1520
P503,4,2134,1068,1067
P504,2,90,94,90
P505,1,1612,808,806
P506,2,2834,1418,1417
P507,1,0,2,0
P508,1,246,247,246
P509,4,2098,1050,1049
P510,4,1589,834,71
P511,3,1163,629,87
P512,2,196,199,196
P513,2,58,60,58
P514,1,2094,1049,1047
P515,4,2738,1370,1369
P516,2,86,90,86
P517,4,1240,622,620
P518,2,89,93,89
P519,3,1620,812,810
P520,3,62,65,62
P521,1,2928,1467,1464
P522,2,2310,1156,1155
P523,2,1616,810,808
P524,2,737,0,737
P525,3,0,2,0
P526,1,1956,981,978
P527,4,2802,1402,1401
P528,1,86,90,86
P529,4,972,487,486
P530,3,88,92,88
P531,2,10,13,10
P532,2,0,2,0
P533,2,0,2,0
P534,2,1594,799,797
P535,2,2930,1467,1465
P536,1,1590,797,795
P537,3,2316,1159,1158
P538,1,0,3,0
P539,1,2314,1158,1157
P540,1,2916,1459,1458
P541,2,0,1,0
P542,3,2126,1065,1063
P543,1,1976,991,988
P544,2,2302,1152,1151
P545,2,0,2,0
P546,1,2328,1166,1164
P547,1,2300,1151,1150
P548,3,2030,1016,1015
P549,2,1648,827,824
P550,2,0,2,0
P551,2,1650,827,825
P552,2,1560,782,780
P553,3,2872,1438,1436
P554,2,1642,824,821
P555,2,2314,1159,1157
P556,4,1560,782,780
P557,1,10,14,10
P558,2,2288,1145,1144
P559,3,1708,856,854
P560,1,0,3,0
P561,2,2650,1326,1325
P562,2,1714,859,857
P563,1,1710,857,855
P564,3,2648,1325,1324
P565,2,2608,1307,1304
P566,3,2338,1171,1169
P567,2,1498,752,749
P568,3,1712,858,856
P569,4,149,152,149
P570,1,2328,1168,1164
P571,2,2278,1140,1139
P572,1,1712,858,856
P573,1,2274,1138,1137
P574,2,2826,1414,1413
P575,2,2408,1206,1204
P576,3,1544,774,772
P577,1,1764,885,882
P578,2,1320,661,660
P579,2,1706,855,853
P580,2,99,101,99
P581,1,1824,914,912
P582,2,1316,659,658
P583,1,1540,772,770
P584,4,366,184,183
P585,3,1314,661,657
P586,1,1326,666,663
P587,2,2258,1130,1129
P588,1,2394,1199,1197
P589,1,15,16,15
P590,1,2252,1127,1126
P591,3,24,13,12
P592,1,133,136,133
P593,3,0,1,0
P594,4,1636,821,818
P595,4,1214,611,607
P596,4,0,4,0
P597,1,1218,613,609
P598,2,1284,643,642
P599,1,1768,886,884
P600,2,81,82,81
P601,1,904,454,452
P602,3,842,422,421
P603,1,1824,915,912
P604,1,2586,1294,1293
P605,1,834,418,417
P606,3,2582,1292,1291
P607,1,119,122,119
P608,2,0,1,0
P609,2,2352,1178,1176
P610,2,2860,1432,1430
P611,3,1072,538,536
P612,1,2315,1218,115
P613,3,2858,1430,1429
P614,2,118,121,118
P615,2,1070,537,535
P616,2,548,276,274
P617,2,2702,1353,1351
P618,2,275,277,275
P619,1,2246,1125,1123
P620,1,61,62,61
P621,4,1132,567,566
P622,2,1192,600,596
P623,1,279,281,279
P624,2,2734,1368,1367
P625,1,1670,976,278
P626,3,802,402,401
P627,3,113,116,113
P628,2,916,461,458
P629,3,603,442,277
P630,3,0,3,0
P631,1,2396,1201,1198
P632,1,138,139,138
P633,1,2390,1196,1195
P634,1,794,398,397
P635,2,794,398,397
P636,1,1454,729,727
P637,3,792,397,396
P638,1,2720,1363,1360
P639,1,2166,1084,1083
P640,2,36,0,34
P641,2,2466,1235,1233
P642,1,1444,724,722
P643,2,1876,939,938
P644,4,269,271,269
P645,2,1080,544,540
P646,1,0,2,0
P647,2,2586,1294,1293
P648,3,41,43,41
P649,1,888,447,444
P650,4,0,1,0
P651,2,273,277,273
P652,4,0,2,0
P653,1,120,124,120
P654,2,2130,1066,1065
P655,2,3,5,3
P656,1,0,2,0
P657,1,271,0,110
P658,2,113,114,113
P659,2,252,254,252
P660,3,54,29,27
P661,1,2342,1174,1171
P662,1,327,0,327
P663,1,0,1,0
P664,3,1586,794,793
P665,3,2690,1348,1345
P666,2,84,87,84
P667,2,180,92,90
P668,3,92,94,92
P669,1,87,90,87
P670,2,0,1,0
P671,2,1432,718,716
P672,4,1273,0,93
P673,2,1116,562,558
P674,1,1394,699,697
P675,2,730,366,365
P676,3,0,2,0
P677,1,2598,1302,1299
P678,2,1220,611,610
P679,2,2412,1208,1206
P680,4,1392,698,696
P681,2,1778,893,889
P682,3,1394,699,697
P683,2,2332,1169,1166
P684,2,0,2,0
P685,3,262,264,262
P686,2,844,425,422
P687,3,2464,1234,1232
P688,2,2332,1169,1166
P689,1,1648,826,824
P690,3,210,106,105
P691,2,0,3,0
P692,2,2458,1231,1229
P693,3,1646,825,823
P694,2,836,421,418
P695,1,1642,823,821
P696,1,1572,787,786
P697,1,1130,566,565
P698,2,846,424,423
P699,3,2398,1201,1199
P700,2,830,418,415
P701,2,898,453,4
P702,3,1366,685,683
P703,2,830,418,415
P704,2,0,2,0
P705,3,1858,931,929
P706,2,255,258,255
P707,1,0,2,0
P708,3,2488,1245,1244
P709,5,0,3,0
P710,2,808,411,4
P711,2,7,9,7
P712,1,1,0,1
P713,1,0,1,0
P714,3,146,74,73
P715,1,878,442,439
P716,1,2390,1196,1195
P717,1,2462,1232,1231
P718,1,0,1,0
P719,2,2020,1011,1010
P720,3,1628,816,814
P721,2,1614,810,807
P722,2,1318,661,659
P723,1,1818,911,909
P724,3,632,317,316
P725,2,1622,814,811
P726,1,1816,910,908
P727,3,0,1,0
P728,3,2242,1124,1121
P729,1,2248,1127,1124
P730,1,2002,1002,1001
P731,1,2062,1032,1031
P732,1,666,334,333
P733,2,2056,1029,1028
P734,2,1802,903,901
P735,2,1292,648,646
P736,1,1802,903,901
P737,1,2054,1028,1027
P738,1,2426,1214,1213
P739,2,1986,994,993
P740,1,1802,903,901
P741,2,98,50,49
P742,2,0,2,0
P743,2,1278,641,639
P744,2,1794,899,897
P745,2,1796,900,898
P746,3,2288,1146,1144
P747,1,740,373,370
P748,1,2256,1129,1128
P749,4,189,0,40
P750,3,0,4,0
P751,1,50,53,50
P752,1,82,42,41
P753,2,40,41,40
P754,1,1541,855,165
P755,2,1480,741,740
P756,1,1248,626,624
P757,2,2372,1187,1186
P758,1,1250,627,625
P759,2,0,1,0
P760,3,1486,745,743
P761,2,0,3,0
P762,2,2240,1122,1120
P763,2,2240,1122,1120
P764,5,2244,1124,1122
P765,2,2490,1250,1245
P766,1,0,2,0
P767,3,320,161,160
P768,1,1516,761,758
P769,2,1214,608,607
P770,2,1730,867,865
P771,2,1238,621,619
P772,1,1728,866,864
P773,1,2336,1169,1168
P774,2,2492,1247,1246
P775,1,1236,620,618
P776,1,828,415,414
P777,1,1600,801,800
P778,3,1952,977,976
P779,2,0,3,0
P780,2,1226,615,613
P781,2,1228,616,614
P782,2,740,0,150
P783,2,1706,855,853
P784,3,0,2,0
P785,1,0,3,0
P786,4,956,479,478
P787,2,1368,688,684
P788,1,248,126,124
P789,2,1926,964,963
P790,1,1418,711,709
P791,3,1572,787,786
P792,1,636,321,318
P793,3,1574,788,787
P794,2,762,384,381
P795,4,122,124,122
P796,3,1200,604,600
P797,2,0,3,0
P798,2,168,170,168
P799,1,336,170,168
P800,3,1560,781,780
P801,1,0,3,0
P802,4,1556,779,778
P803,4,3,7,3
P804,1,134,138,134
P805,2,1,2,1
P806,3,2200,1102,1100
P807,1,2076,1041,1038
P808,2,1894,948,947
P809,2,1388,696,694
P810,4,160,162,160
P811,2,0,4,0
P812,2,1468,736,734
P813,3,1470,737,735
P814,1,1204,605,602
P815,1,8,0,1
P816,2,0,1,0
P817,1,156,158,156
P818,1,1,2,1
P819,5,424,213,212
P820,2,0,5,0
P821,2,1636,820,818
P822,2,2358,1181,1179
P823,2,1456,730,728
P824,3,0,2,0
P825,1,2070,1038,1035
P826,3,2230,1116,1115
P827,4,1515,820,119
P828,1,1894,951,947
P829,2,404,203,202
P830,2,1918,961,959
P831,1,0,2,0
P832,2,1506,754,753
P833,3,2372,1188,1186
P834,1,1374,690,687
P835,4,400,201,200
P836,1,2430,1219,1215
P837,2,1508,755,754
P838,1,0,2,0
P839,3,684,0,684
P840,3,626,316,313
P841,1,1328,667,664
P842,1,0,1,0
P843,1,1900,951,950
P844,2,0,1,0
P845,2,2244,1124,1122
P846,3,1358,681,679
P847,2,94,97,94
P848,2,81,83,81
P849,2,0,2,0
P850,1,601,0,601
P851,1,0,1,0
P852,2,2366,1184,1183
P853,2,1654,829,827
P854,2,2086,1045,1043
P855,3,1338,671,669
P856,1,1958,982,979
P857,2,2150,1076,1075
P858,1,0,2,0
P859,1,322,162,161
P860,2,324,163,162
P861,2,334,169,167
P862,1,336,170,168
P863,4,324,163,162
P864,3,1208,608,604
P865,2,1584,795,792
P866,1,0,2,0
P867,3,320,161,160
P868,3,472,239,236
P869,2,478,242,239
P870,2,0,2,0
P871,1,1314,659,657
P872,2,1530,766,765
P873,2,320,162,160
P874,1,1034,519,517
P875,2,308,155,154
P876,3,0,2,0
P877,2,476,241,238
P878,1,2000,1002,1000
P879,2,334,168,167
P880,2,1094,549,547
P881,2,0,2,0
P882,2,1112,558,556
P883,3,1114,559,557
P884,3,468,237,234
P885,1,1050,528,525
P886,4,302,152,151
P887,1,0,4,0
P888,2,964,483,482
P889,1,1110,557,555
P890,2,302,152,151
P891,2,1114,559,557
P892,1,1284,644,642
P893,2,300,151,150
P894,1,1488,746,744
P895,3,2192,1097,1096
P896,2,1902,954,951
P897,4,1282,643,641
P898,2,22,26,22
P899,5,37,39,37
P900,2,1378,694,689
P901,2,1000,502,500
P902,3,0,2,0
P903,1,1558,782,779
P904,3,1704,853,852
P905,2,1951,1014,71
P906,3,0,2,0
P907,2,490,283,70
P908,2,996,500,498
P909,3,992,498,496
P910,1,1894,950,947
P911,2,1376,689,688
P912,3,1054,529,527
P913,3,440,223,220
P914,2,0,3,0
P915,1,1460,732,730
P916,4,1686,844,843
P917,4,1290,649,645
P918,6,1134,571,567
P919,3,1688,850,844
P920,2,1224,615,612
P921,2,1980,992,990
P922,2,5,7,5
P923,1,1974,989,987
P924,1,1510,756,755
P925,1,1736,869,868
P926,1,1738,870,869
P927,2,1448,725,724
P928,2,1786,895,893
P929,2,448,226,224
P930,2,952,478,476
P931,3,0,2,0
P932,3,1466,736,733
P933,1,1470,738,735
P934,1,2118,1060,1059
P935,2,1714,858,857
P936,6,48,50,48
P937,3,2014,1013,1007
P938,5,540,273,270
P939,1,442,226,221
P940,1,436,219,218
P941,1,202,102,101
P942,2,0,1,0
P943,2,1932,968,966
P944,1,1402,703,701
P945,2,1618,810,809
P946,2,1548,776,774
P947,3,1202,603,601
P948,5,2162,1084,1081
P949,5,334,172,167
P950,1,432,221,216
P951,1,1690,846,845
P952,1,1292,647,646
P953,1,2096,1049,1048
P954,1,1394,698,697
P955,1,1290,646,645
P956,1,2,3,2
P957,1,410,206,205
P958,1,180,91,90
P959,3,1686,844,843
P960,1,0,3,0
P961,1,1964,983,982
P962,1,170,86,85
P963,2,2078,1040,1039
P964,3,1918,961,959
P965,2,9,12,9
P966,1,1650,827,825
P967,3,1948,975,974
P968,5,944,485,20
P969,2,2018,1014,1009
P970,3,1832,918,916
P971,1,10,13,10
P972,2,0,1,0
P973,1,0,2,0
P974,2,118,60,59
P975,4,1894,949,947
P976,2,488,248,244
P977,3,1340,672,670
P978,5,308,157,154
P979,2,348,179,174
P980,1,852,428,426
P981,2,1928,965,964
P982,2,1486,745,743
P983,3,70,0,5
P984,2,1980,993,990
P985,2,1820,912,910
P986,2,1336,670,668
P987,2,1860,932,930
P988,2,0,2,0
P989,1,1890,947,945
P990,1,116,59,58
P991,2,368,185,184
P992,1,0,2,0
P993,2,920,461,460
P994,1,0,2,0
P995,1,2098,1050,1049
P996,4,1528,765,764
P997,3,0,4,0
P998,1,8,7,4
P999,1,532,267,266
P1000,4,532,267,266
