Proc_name, runtime, waiting, turnaround, response
P1,7,0,0,0
P2,5,3379,1784,31
P3,2,0,5,0
P4,7,16,0,4
P5,3,6564,3289,3282
P6,4,8742,4374,4371
P7,4,8670,4339,4335
P8,3,14,18,14
P9,4,0,3,0
P10,3,16,20,16
P11,5,219,222,44
P12,3,3564,1787,1782
P13,7,0,3,0
P14,6,6318,3166,3159
P15,4,1,7,1
P16,3,14,18,14
P17,7,63,66,63
P18,3,3670,1842,1835
P19,3,2877,1515,147
P20,6,89,92,89
P21,9,19,25,19
P22,3,3168,1593,1584
P23,2,9766,4886,4883
P24,4,27,29,27
P25,7,3506,1757,1753
P26,5,5058,2536,2529
P27,5,7092,3551,3546
P28,2,8064,4037,4032
P29,9,7304,3654,3652
P30,7,3444,1731,1722
P31,2,5460,2737,2730
P32,2,8094,4049,4047
P33,4,45,47,45
P34,5,328,332,328
P35,6,0,5,0
P36,9,8114,4063,4057
P37,6,9076,4547,4538
P38,8,8500,4256,4250
P39,2,3986,2001,1993
P40,3,13,15,13
P41,5,4958,2834,704
P42,6,4,9,4
P43,4,6558,3285,3279
P44,3,4840,2424,2420
P45,7,6270,3138,3135
P46,1,169,176,169
P47,8,8024,4013,4012
P48,4,8794,4405,4397
P49,3,655,659,655
P50,4,62,65,62
P51,6,36,40,36
P52,2,8094,4053,4047
P53,8,8432,4218,4216
P54,3,104,112,104
P55,4,60,63,60
P56,8,61,65,61
P57,2,0,8,0
P58,6,7,9,7
P59,3,8,14,8
P60,7,8846,4426,4423
P61,5,6482,3248,3241
P62,2,11,16,11
P63,8,8156,4080,4078
P64,6,7740,3878,3870
P65,5,26,32,26
P66,7,7760,3885,3880
P67,6,9380,4697,4690
P68,4,29,35,29
P69,3,5426,2717,2713
P70,7,5064,2535,2532
P71,6,2898,1456,1449
P72,5,31,37,31
P73,7,4574,2292,2287
P74,6,2606,1310,1303
P75,3,8060,4036,4030
P76,5,2374,1190,1187
P77,6,3462,1736,1731
P78,2,5942,2977,2971
P79,6,4,6,4
P80,6,1855,954,41
P81,4,8060,4036,4030
P82,2,2946,1477,1473
P83,7,2,4,2
P84,8,4956,2485,2478
P85,6,6740,3378,3370
P86,6,3742,1877,1871
P87,6,6580,3296,3290
P88,7,4682,2347,2341
P89,5,4442,2228,2221
P90,4,54,59,54
P91,2,3444,1726,1722
P92,5,501,503,141
P93,7,56,61,56
P94,7,4446,2230,2223
P95,4,814,821,814
P96,4,840,844,840
P97,6,628,632,628
P98,3,30,36,30
P99,4,6664,3335,3332
P100,8,3106,1977,840
P101,4,7736,3876,3868
P102,7,202,206,202
P103,5,8206,4110,4103
P104,1,8466,4238,4233
P105,3,8188,4095,4094
P106,6,6736,3371,3368
P107,3,9664,4838,4832
P108,3,2980,1493,1490
P109,4,256,259,63
P110,2,2708,1358,1354
P111,5,6602,3303,3301
P112,9,73,78,73
P113,5,5724,2871,2862
P114,4,76,81,76
P115,4,5342,2675,2671
P116,7,829,833,829
P117,8,2534,1274,1267
P118,4,7718,3867,3859
P119,5,2120,1064,1060
P120,7,9234,4622,4617
P121,3,6774,3394,3387
P122,9,0,3,0
P123,3,2152,1085,1076
P124,7,1,4,1
P125,5,5018,2516,2509
P126,3,5946,2978,2973
P127,6,6700,3353,3350
P128,3,6,12,6
P129,8,7108,3557,3554
P130,7,9492,4754,4746
P131,5,5020,2517,2510
P132,9,6892,3451,3446
P133,4,485,494,485
P134,1,257,261,257
P135,4,2966,1484,1483
P136,5,4,8,4
P137,4,58,63,58
P138,7,3358,1683,1679
P139,4,3490,1752,1745
P140,6,255,259,255
P141,5,7952,3982,3976
P142,6,58,63,58
P143,6,4584,2298,2292
P144,4,7958,3985,3979
P145,7,3430,1719,1715
P146,4,3014,1514,1507
P147,5,7,11,7
P148,4,2146,1078,1073
P149,6,2118,1063,1059
P150,4,5184,2598,2592
P151,6,250,254,250
P152,5,3368,1690,1684
P153,7,6954,3482,3477
P154,4,4002,2008,2001
P155,3,339,343,339
P156,5,3050,1528,1525
P157,4,332,337,332
P158,6,5264,2636,2632
P159,5,5974,2993,2987
P160,1,45,50,45
P161,3,4526,2264,2263
P162,5,84,87,84
P163,5,9056,4533,4528
P164,8,405,410,405
P165,7,5070,2543,2535
P166,5,2988,1501,1494
P167,7,0,5,0
P168,5,8120,4067,4060
P169,6,41,46,41
P170,3,7150,3581,3575
P171,2,3584,1795,1792
P172,3,9610,4807,4805
P173,5,194,197,194
P174,5,0,5,0
P175,4,5822,2916,2911
P176,3,7266,3637,3633
P177,2,8046,4026,4023
P178,3,147,149,147
P179,5,148,151,148
P180,4,0,5,0
P181,4,6410,3209,3205
P182,4,3208,1608,1604
P183,6,3214,1611,1607
P184,4,9336,4674,4668
P185,6,7256,3632,3628
P186,4,3782,1897,1891
P187,4,4230,2119,2115
P188,9,4236,2122,2118
P189,6,33,42,33
P190,8,740,746,587
P191,4,5746,2881,2873
P192,2,7250,3629,3625
P193,9,6010,3007,3005
P194,5,2036,1027,1018
P195,4,135,140,135
P196,7,4568,2288,2284
P197,4,8640,4327,4320
P198,3,4572,2290,2286
P199,5,2174,1090,1087
P200,3,135,140,135
P201,7,552,555,552
P202,4,6904,3459,3452
P203,7,105,109,105
P204,4,5128,2571,2564
P205,2,107,111,107
P206,5,7198,3601,3599
P207,5,3238,1624,1619
P208,2,7760,3885,3880
P209,3,30,32,30
P210,3,4588,2297,2294
P211,5,9396,4701,4698
P212,8,29,34,29
P213,7,51,59,51
P214,5,83,90,83
P215,3,9110,4560,4555
P216,3,673,676,673
P217,6,6526,3266,3263
P218,8,4076,2044,2038
P219,3,7532,3774,3766
P220,3,29,32,29
P221,10,37,40,37
P222,4,304,314,304
P223,4,239,243,239
P224,6,7194,3601,3597
P225,1,7808,3910,3904
P226,2,3798,1900,1899
P227,3,2722,1363,1361
P228,4,9078,4542,4539
P229,5,720,724,720
P230,4,1608,809,804
P231,6,7872,3940,3936
P232,5,6472,3242,3236
P233,5,6934,3472,3467
P234,3,0,5,0
P235,2,3570,1788,1785
P236,6,1355,787,215
P237,7,15,21,15
P238,9,1748,881,874
P239,3,174,183,174
P240,7,1702,854,851
P241,8,9480,4747,4740
P242,7,8854,4435,4427
P243,11,2924,1469,1462
P244,1,408,419,408
P245,9,272,273,272
P246,5,6798,3408,3399
P247,5,6672,3341,3336
P248,4,6680,3345,3340
P249,5,636,640,636
P250,3,1766,888,883
P251,6,10,13,10
P252,6,2096,1346,584
P253,6,3476,1744,1738
P254,3,587,593,587
P255,3,1756,1193,624
P256,5,2606,1306,1303
P257,6,6672,3341,3336
P258,8,6856,3434,3428
P259,4,13,21,13
P260,4,5068,2538,2534
P261,4,7128,3568,3564
P262,4,5072,2540,2536
P263,7,7132,3570,3566
P264,3,8470,4242,4235
P265,7,2170,1364,552
P266,5,544,551,544
P267,1,23,28,23
P268,5,4260,2131,2130
P269,2,4192,2101,2096
P270,4,25,27,25
P271,3,9112,4560,4556
P272,5,4666,2336,2333
P273,4,67,72,67
P274,10,2098,1053,1049
P275,9,5,15,5
P276,7,2528,1273,1264
P277,5,8614,4314,4307
P278,7,4340,2175,2170
P279,6,2776,1395,1388
P280,5,70,76,70
P281,1,64,69,64
P282,5,2544,1273,1272
P283,7,6630,3320,3315
P284,6,9358,4686,4679
P285,4,7780,3896,3890
P286,5,1880,944,940
P287,3,2056,1033,1028
P288,9,8686,4346,4343
P289,5,8742,4380,4371
P290,7,3082,1546,1541
P291,2,8902,4458,4451
P292,7,8732,4368,4366
P293,7,9244,4629,4622
P294,4,6926,3470,3463
P295,5,7134,3571,3567
P296,2,202,207,202
P297,8,112,114,112
P298,3,131,139,131
P299,4,8670,4338,4335
P300,6,6180,3094,3090
P301,6,2766,1389,1383
P302,5,5700,2856,2850
P303,3,4134,2072,2067
P304,9,8446,4226,4223
P305,6,1858,938,929
P306,9,5704,2858,2852
P307,7,9,18,9
P308,9,4032,2023,2016
P309,8,3428,1723,1714
P310,5,5254,2635,2627
P311,4,6788,3399,3394
P312,2,4980,2494,2490
P313,4,380,382,380
P314,5,5238,2623,2619
P315,6,4120,2065,2060
P316,5,40,46,40
P317,4,6572,3291,3286
P318,5,87,91,87
P319,6,277,282,277
P320,5,6022,3017,3011
P321,7,4744,2377,2372
P322,4,2135,1329,509
P323,3,8562,4285,4281
P324,7,4366,2186,2183
P325,4,2698,1356,1349
P326,4,6702,3355,3351
P327,7,4322,2165,2161
P328,7,5488,2751,2744
P329,9,8414,4214,4207
P330,2,6932,3475,3466
P331,4,6166,3085,3083
P332,5,6204,3106,3102
P333,4,8996,4503,4498
P334,5,3168,1588,1584
P335,1,3462,1736,1731
P336,4,5330,2666,2665
P337,4,3170,1589,1585
P338,3,6200,3104,3100
P339,4,8596,4301,4298
P340,3,4536,2272,2268
P341,2,3444,1725,1722
P342,2,6930,3467,3465
P343,6,6146,3075,3073
P344,7,7900,3956,3950
P345,10,6694,3354,3347
P346,5,3184,1602,1592
P347,4,23,28,23
P348,1,4916,2462,2458
P349,5,3598,1800,1799
P350,7,3096,1553,1548
P351,4,8250,4132,4125
P352,3,3576,1792,1788
P353,6,8648,4327,4324
P354,5,5522,2767,2761
P355,4,5532,2771,2766
P356,4,3140,1574,1570
P357,5,5784,2896,2892
P358,5,6316,3163,3158
P359,6,16,21,16
P360,3,7894,3953,3947
P361,3,6526,3266,3263
P362,6,8144,4075,4072
P363,8,3440,1726,1720
P364,4,5170,2593,2585
P365,8,3130,1569,1565
P366,4,8862,4439,4431
P367,1,4250,2129,2125
P368,6,5268,2635,2634
P369,4,7624,3818,3812
P370,2,2134,1071,1067
P371,5,521,523,521
P372,1,8950,4480,4475
P373,4,5260,2631,2630
P374,4,4244,2126,2122
P375,4,8070,4039,4035
P376,6,5010,2509,2505
P377,10,4996,2504,2498
P378,6,8486,4253,4243
P379,4,1,7,1
P380,6,4240,2124,2120
P381,3,3762,1887,1881
P382,5,4874,2440,2437
P383,6,3,8,3
P384,2,7606,3809,3803
P385,4,9188,4596,4594
P386,5,4848,2428,2424
P387,7,4854,2432,2427
P388,4,7694,3854,3847
P389,5,564,568,564
P390,5,1310,660,655
P391,5,1830,920,915
P392,6,6636,3323,3318
P393,6,336,342,336
P394,5,7482,3747,3741
P395,3,7944,3977,3972
P396,6,5288,2647,2644
P397,5,7592,3802,3796
P398,2,265,270,265
P399,10,0,2,0
P400,3,1732,876,866
P401,3,4218,2112,2109
P402,3,7602,3804,3801
P403,2,3286,1646,1643
P404,6,7,9,7
P405,5,5032,2522,2516
P406,3,1824,1172,510
P407,7,5272,2639,2636
P408,9,47,54,47
P409,9,2704,1361,1352
P410,12,8404,4211,4202
P411,4,2444,1234,1222
P412,5,1226,617,613
P413,5,90,95,90
P414,4,7916,3963,3958
P415,6,7618,3813,3809
P416,5,8884,4448,4442
P417,7,6382,3196,3191
P418,8,4,11,4
P419,5,3718,1867,1859
P420,6,5412,2711,2706
P421,5,1450,731,725
P422,4,7916,3963,3958
P423,2,8282,4145,4141
P424,4,5868,2936,2934
P425,3,8132,4070,4066
P426,7,6114,3060,3057
P427,6,48,55,48
P428,6,4080,2046,2040
P429,3,3678,1845,1839
P430,5,2618,1312,1309
P431,10,6,11,6
P432,3,6964,3492,3482
P433,5,1944,975,972
P434,6,1808,909,904
P435,4,7,13,7
P436,3,6860,3434,3430
P437,4,11,14,11
P438,9,7952,3980,3976
P439,8,27,36,27
P440,10,3692,1854,1846
P441,4,4892,2456,2446
P442,2,2558,1283,1279
P443,5,7950,3977,3975
P444,6,7882,3946,3941
P445,2,1414,713,707
P446,5,4024,2014,2012
P447,9,7886,3948,3943
P448,4,7894,3956,3947
P449,7,7120,3564,3560
P450,8,3424,1719,1712
P451,3,4286,2151,2143
P452,8,0,3,0
P453,6,7080,3548,3540
P454,3,3490,1751,1745
P455,3,5746,2876,2873
P456,6,2268,1137,1134
P457,6,3496,1754,1748
P458,7,8942,4477,4471
P459,3,8218,4116,4109
P460,9,8608,4307,4304
P461,8,3534,1776,1767
P462,3,56,64,56
P463,7,6046,3026,3023
P464,6,7202,3608,3601
P465,4,8798,4405,4399
P466,8,6808,3408,3404
P467,7,7068,3542,3534
P468,4,14,21,14
P469,3,5850,2929,2925
P470,11,7752,3879,3876
P471,3,7484,3753,3742
P472,7,8104,4055,4052
P473,4,1292,653,646
P474,7,3442,1725,1721
P475,5,3388,1701,1694
P476,4,2854,1432,1427
P477,4,1412,710,706
P478,3,1980,994,990
P479,7,1218,612,609
P480,7,1292,653,646
P481,2,8882,4448,4441
P482,5,8414,4209,4207
P483,7,2850,1430,1425
P484,7,2424,1219,1212
P485,4,4326,2170,2163
P486,8,1972,990,986
P487,6,7060,3538,3530
P488,6,359,365,359
P489,7,364,370,364
P490,5,5694,2854,2847
P491,3,8200,4105,4100
P492,6,7824,3915,3912
P493,5,366,372,366
P494,4,7934,3972,3967
P495,4,5074,2541,2537
P496,7,369,373,369
P497,7,5694,2854,2847
P498,3,371,378,371
P499,4,1994,1000,997
P500,9,6748,3378,3374
P501,2,7,16,7
P502,5,1518,761,759
P503,5,98,103,98
P504,10,6218,3114,3109
P505,5,5458,2739,2729
P506,5,6668,3339,3334
P507,5,7918,3964,3959
P508,6,1670,840,835
P509,4,65,71,65
P510,3,76,80,76
P511,1,2208,1107,1104
P512,5,6222,3112,3111
P513,5,6210,3110,3105
P514,3,6294,3152,3147
P515,4,6224,3115,3112
P516,4,8838,4423,4419
P517,8,73,77,73
P518,3,3552,1784,1776
P519,9,305,308,305
P520,2,4194,2106,2097
P521,4,2026,1015,1013
P522,8,2716,1362,1358
P523,2,2698,1357,1349
P524,9,4182,2093,2091
P525,7,114,123,114
P526,8,2730,1372,1365
P527,6,6996,3506,3498
P528,4,8,14,8
P529,6,3722,1865,1861
P530,4,1532,772,766
P531,3,2666,1337,1333
P532,6,4790,2398,2395
P533,5,1940,976,970
P534,4,6362,3186,3181
P535,8,1584,796,792
P536,4,6,14,6
P537,8,5544,2776,2772
P538,4,12,20,12
P539,3,1584,796,792
P540,3,1498,752,749
P541,4,1558,782,779
P542,5,5724,2866,2862
P543,7,1968,989,984
P544,5,5614,2814,2807
P545,3,3816,1913,1908
P546,5,64,67,64
P547,3,6346,3178,3173
P548,5,6432,3219,3216
P549,2,6474,3242,3237
P550,3,1504,754,752
P551,6,2278,1142,1139
P552,6,6398,3205,3199
P553,2,6584,3298,3292
P554,7,4,6,4
P555,9,6556,3285,3278
P556,7,4,13,4
P557,5,4436,2225,2218
P558,6,3644,1827,1822
P559,9,21,27,21
P560,5,8782,4400,4391
P561,4,3648,1829,1824
P562,1,4562,2285,2281
P563,7,4394,2198,2197
P564,5,4802,2408,2401
P565,3,4024,2017,2012
P566,4,8148,4077,4074
P567,2,6622,3315,3311
P568,4,4014,2009,2007
P569,4,1322,665,661
P570,8,1482,745,741
P571,4,4772,2394,2386
P572,6,2540,1274,1270
P573,4,3886,1949,1943
P574,5,2588,1298,1294
P575,4,3930,1970,1965
P576,3,4738,2373,2369
P577,9,3872,1939,1936
P578,3,3906,1962,1953
P579,8,4702,2354,2351
P580,2,3930,1973,1965
P581,1,3944,1974,1972
P582,3,13,14,13
P583,1,1418,712,709
P584,2,2482,1242,1241
P585,1,1902,953,951
P586,4,1418,710,709
P587,5,2468,1238,1234
P588,2,3622,1816,1811
P589,7,1430,717,715
P590,3,4634,2324,2317
P591,4,8104,4055,4052
P592,3,6580,3294,3290
P593,3,1938,972,969
P594,3,1482,744,741
P595,9,5924,2965,2962
P596,9,1294,656,647
P597,4,2404,1211,1202
P598,5,4498,2253,2249
P599,6,5064,2537,2532
P600,5,4296,2154,2148
P601,8,4467,2262,47
P602,5,4212,2114,2106
P603,8,3602,1806,1801
P604,4,4224,2120,2112
P605,3,1,5,1
P606,5,8080,4043,4040
P607,8,1482,746,741
P608,7,7976,3996,3988
P609,2,2927,1614,287
P610,6,85,87,85
P611,5,1308,747,174
P612,6,1,6,1
P613,6,2768,1390,1384
P614,5,2778,1395,1389
P615,6,3588,1799,1794
P616,8,5810,2911,2905
P617,4,4214,2115,2107
P618,1,209,213,209
P619,3,6114,3058,3057
P620,8,136,139,136
P621,3,6,14,6
P622,4,3800,1903,1900
P623,8,12,16,12
P624,5,3456,1736,1728
P625,7,4420,2215,2210
P626,6,8358,4186,4179
P627,3,7372,3692,3686
P628,4,7734,3870,3867
P629,7,4444,2226,2222
P630,6,7826,3920,3913
P631,3,5792,2902,2896
P632,4,4358,0,4358
P633,4,4444,2226,2222
P634,4,101,105,101
P635,6,1682,845,841
P636,3,5794,2903,2897
P637,9,3776,1891,1888
P638,6,5350,2684,2675
P639,3,8462,4237,4231
P640,5,3884,1945,1942
P641,4,58,63,58
P642,3,3566,1787,1783
P643,6,3884,1945,1942
P644,7,6246,3129,3123
P645,5,8170,4092,4085
P646,5,5634,2822,2817
P647,10,8098,4054,4049
P648,3,4168,2094,2084
P649,2,0,3,0
P650,5,4096,2050,2048
P651,1,8100,4055,4050
P652,7,256,257,256
P653,4,3576,1795,1788
P654,5,7566,3787,3783
P655,7,7632,3821,3816
P656,4,6598,3306,3299
P657,4,6458,3233,3229
P658,5,7226,3617,3613
P659,6,6132,3071,3066
P660,5,4188,2100,2094
P661,5,6010,3010,3005
P662,7,6136,3073,3068
P663,4,4832,2423,2416
P664,5,5556,2782,2778
P665,5,3,8,3
P666,7,7,12,7
P667,6,3328,1671,1664
P668,10,2842,1427,1421
P669,7,9,19,9
P670,4,3336,1675,1668
P671,3,2768,1388,1384
P672,4,2754,1380,1377
P673,2,8340,4174,4170
P674,3,3572,1788,1786
P675,3,2754,1380,1377
P676,9,8280,4143,4140
P677,5,2542,1280,1271
P678,8,10,15,10
P679,6,5164,2590,2582
P680,4,6186,3099,3093
P681,3,2506,1257,1253
P682,7,5614,2810,2807
P683,7,7234,3624,3617
P684,4,4840,2427,2420
P685,5,2894,1451,1447
P686,3,4900,2455,2450
P687,5,4966,2486,2483
P688,3,4906,2458,2453
P689,6,3096,1551,1548
P690,3,4948,2480,2474
P691,3,7916,3961,3958
P692,2,5036,2521,2518
P693,6,4,6,4
P694,5,3034,1523,1517
P695,5,6896,3453,3448
P696,7,6904,3457,3452
P697,2,3296,1655,1648
P698,3,994,499,497
P699,2,8522,4264,4261
P700,4,3524,1764,1762
P701,4,4584,2296,2292
P702,7,2868,1438,1434
P703,7,7694,3854,3847
P704,5,8264,4139,4132
P705,9,7562,3786,3781
P706,1,5,14,5
P707,3,6156,3079,3078
P708,6,0,3,0
P709,5,2880,1446,1440
P710,1,5038,2524,2519
P711,3,5034,2518,2517
P712,5,2828,1417,1414
P713,3,2400,1205,1200
P714,6,2830,1418,1415
P715,5,2760,1386,1380
P716,6,4934,2472,2467
P717,4,2768,1390,1384
P718,5,6344,3176,3172
P719,5,1,6,1
P720,5,4936,2473,2468
P721,4,4944,2477,2472
P722,4,8054,4031,4027
P723,2,8114,4061,4057
P724,4,4322,2163,2161
P725,4,7100,3554,3550
P726,5,5440,2724,2720
P727,3,4946,2478,2473
P728,1,31,34,31
P729,4,33,34,33
P730,4,7098,3553,3549
P731,4,6564,3286,3282
P732,2,2654,1331,1327
P733,2,7374,3689,3687
P734,5,7098,3551,3549
P735,6,8080,4045,4040
P736,3,7166,3589,3583
P737,1,5292,2649,2646
P738,6,5922,2962,2961
P739,5,0,6,0
P740,5,3348,1679,1674
P741,6,4928,2469,2464
P742,7,7576,3794,3788
P743,6,3824,1919,1912
P744,4,5590,2801,2795
P745,7,5512,2760,2756
P746,6,0,7,0
P747,2,2586,1299,1293
P748,5,5346,2675,2673
P749,5,4146,2078,2073
P750,5,2880,1445,1440
P751,5,4224,2117,2112
P752,2,2526,1268,1263
P753,6,5340,2672,2670
P754,7,2510,1261,1255
P755,5,6984,3499,3492
P756,6,4224,2117,2112
P757,11,8274,4143,4137
P758,4,4526,2274,2263
P759,3,4476,2242,2238
P760,8,4160,2083,2080
P761,8,4132,2074,2066
P762,2,1,9,1
P763,6,1550,777,775
P764,2,7,13,7
P765,4,8446,4225,4223
P766,6,842,425,421
P767,5,190,196,190
P768,3,7914,3962,3957
P769,6,650,328,325
P770,3,193,199,193
P771,4,2600,1303,1300
P772,6,8080,4044,4040
P773,3,8344,4178,4172
P774,9,4544,2275,2272
P775,6,4418,2218,2209
P776,4,20,26,20
P777,7,5584,2796,2792
P778,6,7092,3553,3546
P779,4,0,6,0
P780,3,7946,3977,3973
P781,8,2138,1072,1069
P782,10,1976,996,988
P783,7,986,503,493
P784,8,4260,2137,2130
P785,7,6952,3484,3476
P786,4,0,7,0
P787,7,7994,4001,3997
P788,4,5144,2579,2572
P789,4,5238,2623,2619
P790,3,4492,2250,2246
P791,8,2,5,2
P792,5,8054,4035,4027
P793,3,5314,2662,2657
P794,6,1542,774,771
P795,5,7072,3542,3536
P796,1,3246,1628,1623
P797,5,7402,3702,3701
P798,3,504,257,252
P799,8,2902,1454,1451
P800,2,2,10,2
P801,3,1648,826,824
P802,2,7700,3853,3850
P803,3,1250,627,625
P804,6,5194,2600,2597
P805,5,3338,1675,1669
P806,2,7800,3905,3900
P807,3,6716,3360,3358
P808,6,5368,2687,2684
P809,4,728,370,364
P810,5,6168,3088,3084
P811,5,5720,2865,2860
P812,8,1092,551,546
P813,5,1214,615,607
P814,4,1098,554,549
P815,7,1116,562,558
P816,7,1150,582,575
P817,4,1816,915,908
P818,5,1748,878,874
P819,3,0,5,0
P820,4,3536,1771,1768
P821,5,7240,3624,3620
P822,8,1558,784,779
P823,7,1209,639,53
P824,6,1168,591,584
P825,4,5440,2726,2720
P826,9,3136,1572,1568
P827,4,4892,2455,2446
P828,6,7560,3784,3780
P829,10,7040,3526,3520
P830,6,1824,922,912
P831,4,5896,2954,2948
P832,3,0,4,0
P833,5,5324,2665,2662
P834,4,1162,586,581
P835,4,6126,3067,3063
P836,4,458,233,229
P837,2,0,4,0
P838,5,2872,1438,1436
P839,7,4748,2379,2374
P840,3,1784,899,892
P841,2,5114,2560,2557
P842,10,2868,1436,1434
P843,5,6162,3091,3081
P844,4,1048,529,524
P845,8,4492,2250,2246
P846,2,7214,3615,3607
P847,2,1112,558,556
P848,5,1228,616,614
P849,5,7314,3662,3657
P850,8,2746,1378,1373
P851,8,4886,2451,2443
P852,7,3548,1782,1774
P853,9,8234,4124,4117
P854,3,7724,3871,3862
P855,3,7104,3555,3552
P856,7,5284,2645,2642
P857,7,6794,3404,3397
P858,7,6208,3111,3104
P859,3,1178,596,589
P860,3,5290,2648,2645
P861,7,472,239,236
P862,4,2628,1321,1314
P863,9,6158,3083,3079
P864,3,5978,2998,2989
P865,7,2776,1391,1388
P866,5,5002,2508,2501
P867,5,376,193,188
P868,5,7686,3848,3843
P869,5,2742,1376,1371
P870,5,5730,2870,2865
P871,8,6742,3376,3371
P872,3,586,301,293
P873,7,1678,842,839
P874,5,568,291,284
P875,4,1132,571,566
P876,2,386,197,193
P877,8,0,2,0
P878,5,6310,3163,3155
P879,5,1340,675,670
P880,5,0,5,0
P881,4,358,184,179
P882,12,382,195,191
P883,2,6540,3282,3270
P884,4,10,12,10
P885,2,612,310,306
P886,4,5078,2541,2539
P887,9,6030,3019,3015
P888,6,7800,3909,3900
P889,7,6932,3472,3466
P890,4,2586,1300,1293
P891,2,2506,1257,1253
P892,5,262,133,131
P893,6,7982,3996,3991
P894,7,2426,1219,1213
P895,3,7324,3669,3662
P896,5,6778,3392,3389
P897,8,0,5,0
P898,5,480,248,240
P899,3,2692,1351,1346
P900,6,4948,2477,2474
P901,6,1,7,1
P902,6,6918,3465,3459
P903,5,1212,612,606
P904,2,4756,2383,2378
P905,10,276,140,138
P906,3,1344,682,672
P907,3,8010,4008,4005
P908,4,384,195,192
P909,8,260,134,130
P910,5,6262,3139,3131
P911,6,2110,1060,1055
P912,2,2402,1207,1201
P913,4,5876,2940,2938
P914,2,1132,570,566
P915,2,6284,3144,3142
P916,7,562,283,281
P917,8,0,7,0
P918,6,6262,3139,3131
P919,7,66,72,66
P920,3,71,78,71
P921,9,196,101,98
P922,6,5276,2647,2638
P923,2,303,159,3
P924,3,0,2,0
P925,5,3206,1606,1603
P926,4,2090,1050,1045
P927,6,0,4,0
P928,4,2382,1197,1191
P929,9,4648,2328,2324
P930,7,4250,2134,2125
P931,6,998,506,499
P932,3,7936,3974,3968
P933,5,3316,1661,1658
P934,2,2084,1047,1042
P935,5,4984,2494,2492
P936,5,5608,2809,2804
P937,6,5396,2703,2698
P938,3,5226,2619,2613
P939,10,328,167,164
P940,4,3914,1967,1957
P941,4,0,4,0
P942,3,4630,2319,2315
P943,6,326,166,163
P944,3,54,60,54
P945,5,328,167,164
P946,2,7886,3948,3943
P947,4,1512,758,756
P948,2,4294,2151,2147
P949,7,4960,2482,2480
P950,4,6262,3138,3131
P951,2,4320,2164,2160
P952,5,6960,3482,3480
P953,9,2056,1033,1028
P954,6,7452,3735,3726
P955,5,98,55,49
P956,3,4524,2267,2262
P957,2,1222,614,611
P958,6,104,54,52
P959,7,246,129,123
P960,10,104,59,52
P961,7,6922,3471,3461
P962,8,6220,3117,3110
P963,7,6,14,6
P964,4,3396,1705,1698
P965,6,6412,3210,3206
P966,7,3206,1609,1603
P967,8,3404,1709,1702
P968,5,3434,1725,1717
P969,5,1092,551,546
P970,4,5642,2826,2821
P971,5,1056,532,528
P972,7,4502,2256,2251
P973,2,3406,1710,1703
P974,8,3418,1711,1709
P975,3,2,10,2
P976,4,7358,3682,3679
P977,2,1738,873,869
P978,4,1346,675,673
P979,5,1300,654,650
P980,5,836,423,418
P981,4,2010,1010,1005
P982,3,5848,2928,2924
P983,4,4870,2438,2435
P984,10,4570,2289,2285
P985,5,4052,2036,2026
P986,6,4516,2263,2258
P987,5,1456,734,728
P988,6,5304,2657,2652
P989,3,1260,636,630
P990,4,3244,1625,1622
P991,4,5838,2923,2919
P992,9,984,496,492
P993,4,518,268,259
P994,3,5914,2961,2957
P995,4,3954,1980,1977
P996,7,984,496,492
P997,3,4014,2014,2007
P998,1,1146,576,573
P999,6,5032,2517,2516
P1000,4,7022,3517,3511
