Proc_name, runtime, waiting, turnaround, response
P1,1,0,0,0
P2,3,0,1,0
P3,2,0,0,0
P4,2,0,2,0
P5,1,0,2,0
P6,1,2,3,2
P7,4,3,4,3
P8,1,4,8,4
P9,1,7,8,7
P10,3,8,9,8
P11,2,9,12,9
P12,2,11,13,11
P13,1,13,15,13
P14,2,15,16,15
P15,2,16,18,16
P16,2,18,20,18
P17,2,19,21,19
P18,2,21,23,21
P19,1,23,25,23
P20,3,23,24,23
P21,1,23,26,23
P22,2,26,27,26
P23,3,27,29,27
P24,3,28,31,28
P25,1,30,33,30
P26,2,32,33,32
P27,1,32,34,32
P28,1,34,35,34
P29,2,35,36,35
P30,3,36,38,36
P31,1,36,39,36
P32,2,38,39,38
P33,1,39,41,39
P34,3,41,42,41
P35,1,42,45,42
P36,2,43,44,43
P37,4,43,45,43
P38,1,42,46,42
P39,2,44,45,44
P40,2,44,46,44
P41,2,45,47,45
P42,3,47,49,47
P43,3,48,51,48
P44,1,51,54,51
P45,3,52,53,52
P46,3,53,56,53
P47,3,56,59,56
P48,2,59,62,59
P49,1,62,64,62
P50,3,64,65,64
P51,4,63,66,63
P52,2,65,69,65
P53,1,69,71,69
P54,2,71,72,71
P55,1,69,71,69
P56,1,71,72,71
P57,2,72,73,72
P58,2,72,74,72
P59,1,74,76,74
P60,1,76,77,76
P61,2,75,76,75
P62,1,75,77,75
P63,4,76,77,76
P64,4,77,81,77
P65,1,79,83,79
P66,4,80,81,80
P67,2,80,84,80
P68,2,83,85,83
P69,1,84,86,84
P70,2,85,86,85
P71,3,86,88,86
P72,2,88,91,88
P73,1,90,92,90
P74,2,91,92,91
P75,2,89,91,89
P76,2,90,92,90
P77,1,91,93,91
P78,2,91,92,91
P79,2,90,92,90
P80,1,92,94,92
P81,4,92,93,92
P82,2,92,96,92
P83,3,93,95,93
P84,1,95,98,95
P85,2,98,99,98
P86,1,99,101,99
P87,1,100,101,100
P88,3,99,100,99
P89,2,99,102,99
P90,4,102,104,102
P91,2,103,107,103
P92,2,105,107,105
P93,1,104,106,104
P94,1,106,107,106
P95,2,104,105,104
P96,6,104,106,104
P97,2,324,330,106
P98,2,111,113,111
P99,3,112,114,112
P100,2,114,117,114
P101,2,115,117,115
P102,1,117,119,117
P103,3,118,119,118
P104,1,117,120,117
P105,1,120,121,120
P106,1,119,120,119
P107,3,117,118,117
P108,3,118,121,118
P109,1,118,121,118
P110,2,119,120,119
P111,3,119,121,119
P112,2,120,123,120
P113,2,121,123,121
P114,3,120,122,120
P115,1,120,123,120
P116,1,122,123,122
P117,2,121,122,121
P118,1,120,122,120
P119,2,122,123,122
P120,2,122,124,122
P121,2,124,126,124
P122,1,124,126,124
P123,2,126,127,126
P124,1,125,127,125
P125,1,125,126,125
P126,2,125,126,125
P127,5,125,127,125
P128,1,125,130,125
P129,1,130,131,130
P130,3,130,131,130
P131,1,130,133,130
P132,1,131,132,131
P133,1,132,133,132
P134,2,133,134,133
P135,3,134,136,134
P136,3,135,138,135
P137,1,138,141,138
P138,4,141,142,141
P139,2,142,146,142
P140,2,144,146,144
P141,1,146,148,146
P142,3,147,148,147
P143,2,147,150,147
P144,1,150,152,150
P145,1,151,152,151
P146,3,151,152,151
P147,2,151,154,151
P148,3,153,155,153
P149,1,154,157,154
P150,4,156,157,156
P151,1,156,160,156
P152,1,160,161,160
P153,4,159,160,159
P154,3,159,163,159
P155,3,162,165,162
P156,2,165,168,165
P157,2,165,167,165
P158,1,166,168,166
P159,1,166,167,166
P160,2,167,168,167
P161,2,167,169,167
P162,1,168,170,168
P163,3,167,168,167
P164,1,167,170,167
P165,4,168,169,168
P166,1,169,173,169
P167,3,172,173,172
P168,1,173,176,173
P169,1,176,177,176
P170,2,177,178,177
P171,2,177,179,177
P172,2,177,179,177
P173,1,179,181,179
P174,2,181,182,181
P175,2,180,182,180
P176,3,181,183,181
P177,2,181,184,181
P178,2,183,185,183
P179,3,183,185,183
P180,2,183,186,183
P181,3,184,186,184
P182,1,184,187,184
P183,3,187,188,187
P184,4,187,190,187
P185,3,189,193,189
P186,3,193,196,193
P187,5,195,198,195
P188,1,196,201,196
P189,1,200,201,200
P190,3,201,202,201
P191,3,202,205,202
P192,3,205,208,205
P193,2,207,210,207
P194,2,208,210,208
P195,2,208,210,208
P196,2,210,212,210
P197,1,210,212,210
P198,4,211,212,211
P199,1,210,214,210
P200,3,214,215,214
P201,2,214,217,214
P202,2,216,218,216
P203,4,216,218,216
P204,2,217,221,217
P205,2,219,221,219
P206,1,221,223,221
P207,4,222,223,222
P208,1,223,227,223
P209,2,225,226,225
P210,3,225,227,225
P211,2,222,225,222
P212,2,224,226,224
P213,2,226,228,226
P214,1,226,228,226
P215,3,227,228,227
P216,1,227,230,227
P217,1,229,230,229
P218,3,230,231,230
P219,1,229,232,229
P220,1,231,232,231
P221,2,231,232,231
P222,5,231,233,231
P223,2,232,237,232
P224,4,236,238,236
P225,1,236,240,236
P226,4,238,239,238
P227,2,238,242,238
P228,1,242,244,242
P229,2,240,241,240
P230,1,240,242,240
P231,1,242,243,242
P232,1,243,244,243
P233,4,243,244,243
P234,2,244,248,244
P235,1,248,250,248
P236,2,248,249,248
P237,2,249,251,249
P238,1,249,251,249
P239,2,250,251,250
P240,1,249,251,249
P241,3,248,249,248
P242,1,248,251,248
P243,2,250,251,250
P244,2,249,251,249
P245,1,248,250,248
P246,1,249,250,249
P247,1,249,250,249
P248,2,249,250,249
P249,2,250,252,250
P250,1,249,251,249
P251,4,249,250,249
P252,3,250,254,250
P253,2,252,255,252
P254,1,255,257,255
P255,2,256,257,256
P256,3,256,258,256
P257,3,257,260,257
P258,2,260,263,260
P259,1,263,265,263
P260,1,264,265,264
P261,2,264,265,264
P262,2,263,265,263
P263,2,265,267,265
P264,1,265,267,265
P265,4,266,267,266
P266,2,265,269,265
P267,1,269,271,269
P268,2,269,270,269
P269,2,269,271,269
P270,1,268,270,268
P271,2,269,270,269
P272,1,270,272,270
P273,2,270,271,270
P274,2,270,272,270
P275,1,272,274,272
P276,1,274,275,274
P277,3,274,275,274
P278,2,275,278,275
P279,2,277,279,277
P280,3,278,280,278
P281,3,279,282,279
P282,3,279,282,279
P283,2,282,285,282
P284,2,283,285,283
P285,1,283,285,283
P286,3,284,285,284
P287,2,284,287,284
P288,3,286,288,286
P289,3,288,291,288
P290,2,291,294,291
P291,1,294,296,294
P292,1,295,296,295
P293,1,296,297,296
P294,2,297,298,297
P295,4,298,300,298
P296,2,299,303,299
P297,4,303,305,303
P298,2,304,308,304
P299,1,308,310,308
P300,1,310,311,310
P301,1,308,309,308
P302,3,308,309,308
P303,2,307,310,307
P304,2,310,312,310
P305,1,311,313,311
P306,1,313,314,313
P307,1,313,314,313
P308,2,313,314,313
P309,2,313,315,313
P310,2,315,317,315
P311,2,316,318,316
P312,2,317,319,317
P313,2,318,320,318
P314,2,319,321,319
P315,2,319,321,319
P316,1,320,322,320
P317,2,320,321,320
P318,2,320,322,320
P319,1,321,323,321
P320,1,321,322,321
P321,4,320,321,320
P322,1,320,324,320
P323,2,323,324,323
P324,1,322,324,322
P325,3,322,323,322
P326,2,323,326,323
P327,3,324,326,324
P328,2,326,329,326
P329,2,329,331,329
P330,3,331,333,331
P331,2,330,333,330
P332,2,332,334,332
P333,2,332,334,332
P334,1,334,336,334
P335,3,336,337,336
P336,2,335,338,335
P337,3,338,340,338
P338,1,338,341,338
P339,1,341,342,341
P340,1,341,342,341
P341,3,342,343,342
P342,2,340,343,340
P343,2,343,345,343
P344,2,345,347,345
P345,2,344,346,344
P346,1,346,348,346
P347,3,347,348,347
P348,2,347,350,347
P349,1,349,351,349
P350,1,349,350,349
P351,3,348,349,348
P352,2,349,352,349
P353,2,352,354,352
P354,1,353,355,353
P355,1,354,355,354
P356,1,354,355,354
P357,1,354,355,354
P358,1,354,355,354
P359,4,355,356,355
P360,2,355,359,355
P361,2,358,360,358
P362,3,360,362,360
P363,5,359,362,359
P364,1,361,366,361
P365,2,365,366,365
P366,1,366,368,366
P367,1,367,368,367
P368,2,366,367,366
P369,3,365,367,365
P370,1,366,369,366
P371,4,369,370,369
P372,1,369,373,369
P373,1,372,373,372
P374,2,372,373,372
P375,1,372,374,372
P376,3,374,375,374
P377,3,374,377,374
P378,1,376,379,376
P379,2,378,379,378
P380,2,379,381,379
P381,1,380,382,380
P382,2,382,383,382
P383,2,382,384,382
P384,1,383,385,383
P385,1,384,385,384
P386,4,383,384,383
P387,2,384,388,384
P388,2,388,390,388
P389,1,390,392,390
P390,1,392,393,392
P391,2,391,392,391
P392,1,391,393,391
P393,2,393,394,393
P394,2,394,396,394
P395,3,396,398,396
P396,2,398,401,398
P397,3,399,401,399
P398,3,400,403,400
P399,1,402,405,402
P400,1,402,403,402
P401,1,402,403,402
P402,3,403,404,403
P403,1,401,404,401
P404,2,402,403,402
P405,2,402,404,402
P406,2,402,404,402
P407,2,400,402,400
P408,1,401,403,401
P409,2,402,403,402
P410,3,402,404,402
P411,5,404,407,404
P412,1,406,411,406
P413,4,410,411,410
P414,1,408,412,408
P415,5,411,412,411
P416,2,412,417,412
P417,1,415,417,415
P418,4,416,417,416
P419,2,416,420,416
P420,2,418,420,418
P421,1,419,421,419
P422,2,420,421,420
P423,2,420,422,420
P424,1,421,423,421
P425,3,420,421,420
P426,3,420,423,420
P427,1,422,425,422
P428,1,425,426,425
P429,1,425,426,425
P430,2,424,425,424
P431,2,424,426,424
P432,2,425,427,425
P433,3,426,428,426
P434,1,428,431,428
P435,1,430,431,430
P436,2,430,431,430
P437,1,431,433,431
P438,2,433,434,433
P439,3,434,436,434
P440,2,435,438,435
P441,1,438,440,438
P442,3,438,439,438
P443,1,437,440,437
P444,2,439,440,439
P445,2,439,441,439
P446,2,440,442,440
P447,3,441,443,441
P448,2,443,446,443
P449,1,444,446,444
P450,1,446,447,446
P451,3,445,446,445
P452,1,445,448,445
P453,1,448,449,448
P454,3,448,449,448
P455,2,449,452,449
P456,1,450,452,450
P457,2,451,452,451
P458,2,451,453,451
P459,2,453,455,453
P460,2,455,457,455
P461,4,456,458,456
P462,2,457,461,457
P463,1,460,462,460
P464,3,462,463,462
P465,1,462,465,462
P466,3,464,465,464
P467,2,464,467,464
P468,2,466,468,466
P469,5,468,470,468
P470,3,469,474,469
P471,3,472,475,472
P472,2,474,477,474
P473,1,475,477,475
P474,2,475,476,475
P475,4,475,477,475
P476,2,477,481,477
P477,5,478,480,478
P478,3,480,485,480
P479,1,482,485,482
P480,1,485,486,485
P481,1,486,487,486
P482,1,486,487,486
P483,2,486,487,486
P484,1,485,487,485
P485,3,485,486,485
P486,2,486,489,486
P487,3,488,490,488
P488,3,489,492,489
P489,3,492,495,492
P490,3,495,498,495
P491,1,498,501,498
P492,1,500,501,500
P493,3,500,501,500
P494,2,501,504,501
P495,4,502,504,502
P496,1,504,508,504
P497,3,505,506,505
P498,3,506,509,506
P499,1,509,512,509
P500,1,511,512,511
P501,3,512,513,512
P502,1,512,515,512
P503,4,515,516,515
P504,2,515,519,515
P505,1,518,520,518
P506,2,518,519,518
P507,1,518,520,518
P508,1,519,520,519
P509,4,517,518,517
P510,4,518,522,518
P511,3,521,525,521
P512,2,524,527,524
P513,2,527,529,527
P514,1,528,530,528
P515,4,530,531,530
P516,2,529,533,529
P517,4,532,534,532
P518,2,534,538,534
P519,3,538,540,538
P520,3,540,543,540
P521,1,543,546,543
P522,2,546,547,546
P523,2,547,549,547
P524,2,546,548,546
P525,3,546,548,546
P526,1,547,550,547
P527,4,550,551,550
P528,1,550,554,550
P529,4,552,553,552
P530,3,553,557,553
P531,2,556,559,556
P532,2,557,559,557
P533,2,556,558,556
P534,2,556,558,556
P535,2,556,558,556
P536,1,556,558,556
P537,3,558,559,558
P538,1,557,560,557
P539,1,560,561,560
P540,1,559,560,559
P541,2,558,559,558
P542,3,559,561,559
P543,1,558,561,558
P544,2,560,561,560
P545,2,561,563,561
P546,1,563,565,563
P547,1,565,566,565
P548,3,565,566,565
P549,2,566,569,566
P550,2,567,569,567
P551,2,566,568,566
P552,2,567,569,567
P553,3,569,571,569
P554,2,571,574,571
P555,2,572,574,572
P556,4,574,576,574
P557,1,576,580,576
P558,2,579,580,579
P559,3,579,581,579
P560,1,580,583,580
P561,2,583,584,583
P562,2,584,586,584
P563,1,586,588,586
P564,3,588,589,588
P565,2,589,592,589
P566,3,589,591,589
P567,2,591,594,591
P568,3,594,596,594
P569,4,596,599,596
P570,1,598,602,598
P571,2,601,602,601
P572,1,602,604,602
P573,1,603,604,603
P574,2,604,605,604
P575,2,604,606,604
P576,3,606,608,606
P577,1,608,611,608
P578,2,610,611,610
P579,2,609,611,609
P580,2,611,613,611
P581,1,612,614,612
P582,2,614,615,614
P583,1,615,617,615
P584,4,615,616,615
P585,3,614,618,614
P586,1,617,620,617
P587,2,620,621,620
P588,1,621,623,621
P589,1,623,624,623
P590,1,620,621,620
P591,3,621,622,621
P592,1,620,623,620
P593,3,621,622,621
P594,4,620,623,620
P595,4,623,627,623
P596,4,626,630,626
P597,1,629,633,629
P598,2,633,634,633
P599,1,633,635,633
P600,2,634,635,634
P601,1,634,636,634
P602,3,635,636,635
P603,1,636,639,636
P604,1,636,637,636
P605,1,635,636,635
P606,3,635,636,635
P607,1,635,638,635
P608,2,636,637,636
P609,2,636,638,636
P610,2,637,639,637
P611,3,637,639,637
P612,1,638,641,638
P613,3,640,641,640
P614,2,641,644,641
P615,2,643,645,643
P616,2,645,647,645
P617,2,646,648,646
P618,2,648,650,648
P619,1,648,650,648
P620,1,650,651,650
P621,4,651,652,651
P622,2,652,656,652
P623,1,656,658,656
P624,2,656,657,656
P625,1,656,658,656
P626,3,658,659,658
P627,3,658,661,658
P628,2,659,662,659
P629,3,661,663,661
P630,3,662,665,662
P631,1,665,668,665
P632,1,668,669,668
P633,1,669,670,669
P634,1,670,671,670
P635,2,670,671,670
P636,1,671,673,671
P637,3,671,672,671
P638,1,670,673,670
P639,1,673,674,673
P640,2,674,675,674
P641,2,672,674,672
P642,1,674,676,674
P643,2,676,677,676
P644,4,675,677,675
P645,2,676,680,676
P646,1,679,681,679
P647,2,680,681,680
P648,3,681,683,681
P649,1,681,684,681
P650,4,682,683,682
P651,2,682,686,682
P652,4,685,687,685
P653,1,683,687,683
P654,2,686,687,686
P655,2,687,689,687
P656,1,688,690,688
P657,1,686,687,686
P658,2,687,688,687
P659,2,688,690,688
P660,3,690,692,690
P661,1,691,694,691
P662,1,693,694,693
P663,1,693,694,693
P664,3,693,694,693
P665,3,694,697,694
P666,2,697,700,697
P667,2,700,702,700
P668,3,702,704,702
P669,1,704,707,704
P670,2,706,707,706
P671,2,707,709,707
P672,4,709,711,709
P673,2,711,715,711
P674,1,714,716,714
P675,2,716,717,716
P676,3,716,718,716
P677,1,717,720,717
P678,2,720,721,720
P679,2,721,723,721
P680,4,722,724,722
P681,2,724,728,724
P682,3,727,729,727
P683,2,729,732,729
P684,2,731,733,731
P685,3,733,735,733
P686,2,735,738,735
P687,3,736,738,736
P688,2,738,741,738
P689,1,741,743,741
P690,3,743,744,743
P691,2,743,746,743
P692,2,742,744,742
P693,3,744,746,744
P694,2,746,749,746
P695,1,749,751,749
P696,1,751,752,751
P697,1,752,753,752
P698,2,749,750,749
P699,3,750,752,750
P700,2,750,753,750
P701,2,752,754,752
P702,3,753,755,753
P703,2,754,757,754
P704,2,754,756,754
P705,3,754,756,754
P706,2,756,759,756
P707,1,758,760,758
P708,3,759,760,759
P709,5,757,760,757
P710,2,759,764,759
P711,2,762,764,762
P712,1,760,762,760
P713,1,760,761,760
P714,3,760,761,760
P715,1,761,764,761
P716,1,764,765,764
P717,1,764,765,764
P718,1,763,764,763
P719,2,763,764,763
P720,3,764,766,764
P721,2,765,768,765
P722,2,768,770,768
P723,1,768,770,768
P724,3,768,769,768
P725,2,769,772,769
P726,1,771,773,771
P727,3,770,771,770
P728,3,770,773,770
P729,1,773,776,773
P730,1,776,777,776
P731,1,776,777,776
P732,1,775,776,775
P733,2,774,775,774
P734,2,775,777,775
P735,2,776,778,776
P736,1,777,779,777
P737,1,779,780,779
P738,1,779,780,779
P739,2,779,780,779
P740,1,780,782,780
P741,2,780,781,780
P742,2,778,780,778
P743,2,779,781,779
P744,2,781,783,781
P745,2,782,784,782
P746,3,782,784,782
P747,1,784,787,784
P748,1,785,786,785
P749,4,785,786,785
P750,3,784,788,784
P751,1,787,790,787
P752,1,790,791,790
P753,2,789,790,789
P754,1,788,790,788
P755,2,787,788,787
P756,1,787,789,787
P757,2,785,786,785
P758,1,785,787,785
P759,2,786,787,786
P760,3,786,788,786
P761,2,785,788,785
P762,2,786,788,786
P763,2,786,788,786
P764,5,788,790,788
P765,2,787,792,787
P766,1,791,793,791
P767,3,792,793,792
P768,1,793,796,793
P769,2,796,797,796
P770,2,797,799,797
P771,2,797,799,797
P772,1,798,800,798
P773,1,799,800,799
P774,2,800,801,800
P775,1,800,802,800
P776,1,802,803,802
P777,1,800,801,800
P778,3,801,802,801
P779,2,799,802,799
P780,2,801,803,801
P781,2,802,804,802
P782,2,804,806,804
P783,2,803,805,803
P784,3,804,806,804
P785,1,803,806,803
P786,4,805,806,805
P787,2,806,810,806
P788,1,809,811,809
P789,2,811,812,811
P790,1,810,812,810
P791,3,812,813,812
P792,1,813,816,813
P793,3,816,817,816
P794,2,816,819,816
P795,4,818,820,818
P796,3,819,823,819
P797,2,821,824,821
P798,2,823,825,823
P799,1,823,825,823
P800,3,825,826,825
P801,1,823,826,823
P802,4,825,826,825
P803,4,826,830,826
P804,1,829,833,829
P805,2,833,834,833
P806,3,834,836,834
P807,1,835,838,835
P808,2,837,838,837
P809,2,836,838,836
P810,4,837,839,837
P811,2,838,842,838
P812,2,841,843,841
P813,3,842,844,842
P814,1,844,847,844
P815,1,846,847,846
P816,2,845,846,845
P817,1,846,848,846
P818,1,848,849,848
P819,5,848,849,848
P820,2,848,853,848
P821,2,850,852,850
P822,2,851,853,851
P823,2,853,855,853
P824,3,852,854,852
P825,1,854,857,854
P826,3,856,857,856
P827,4,856,859,856
P828,1,858,862,858
P829,2,862,863,862
P830,2,862,864,862
P831,1,863,865,863
P832,2,865,866,865
P833,3,866,868,866
P834,1,867,870,867
P835,4,870,871,870
P836,1,871,875,871
P837,2,875,876,875
P838,1,872,874,872
P839,3,871,872,871
P840,3,871,874,871
P841,1,873,876,873
P842,1,875,876,875
P843,1,876,877,876
P844,2,873,874,873
P845,2,871,873,871
P846,3,868,870,868
P847,2,869,872,869
P848,2,872,874,872
P849,2,873,875,873
P850,1,872,874,872
P851,1,872,873,872
P852,2,873,874,873
P853,2,871,873,871
P854,2,872,874,872
P855,3,873,875,873
P856,1,872,875,872
P857,2,875,876,875
P858,1,873,875,873
P859,1,875,876,875
P860,2,876,877,876
P861,2,877,879,877
P862,1,878,880,878
P863,4,880,881,880
P864,3,880,884,880
P865,2,884,887,884
P866,1,885,887,885
P867,3,887,888,887
P868,3,886,889,886
P869,2,889,892,889
P870,2,891,893,891
P871,1,892,894,892
P872,2,891,892,891
P873,2,892,894,892
P874,1,894,896,894
P875,2,896,897,896
P876,3,896,898,896
P877,2,895,898,895
P878,1,897,899,897
P879,2,899,900,899
P880,2,899,901,899
P881,2,901,903,901
P882,2,902,904,902
P883,3,903,905,903
P884,3,902,905,902
P885,1,905,908,905
P886,4,908,909,908
P887,1,908,912,908
P888,2,912,913,912
P889,1,913,915,913
P890,2,915,916,915
P891,2,916,918,916
P892,1,916,918,916
P893,2,918,919,918
P894,1,918,920,918
P895,3,918,919,918
P896,2,919,922,919
P897,4,922,924,922
P898,2,923,927,923
P899,5,927,929,927
P900,2,929,934,929
P901,2,933,935,933
P902,3,935,937,935
P903,1,936,939,936
P904,3,938,939,938
P905,2,939,942,939
P906,3,941,943,941
P907,2,941,944,941
P908,2,943,945,943
P909,3,945,947,945
P910,1,944,947,944
P911,2,947,948,947
P912,3,948,950,948
P913,3,950,953,950
P914,2,952,955,952
P915,1,953,955,953
P916,4,955,956,955
P917,4,956,960,956
P918,6,956,960,956
P919,3,1127,1133,960
P920,2,965,968,965
P921,2,966,968,966
P922,2,966,968,966
P923,1,965,967,965
P924,1,967,968,967
P925,1,967,968,967
P926,1,968,969,968
P927,2,966,967,966
P928,2,965,967,965
P929,2,966,968,966
P930,2,968,970,968
P931,3,968,970,968
P932,3,968,971,968
P933,1,970,973,970
P934,1,972,973,972
P935,2,972,973,972
P936,6,973,975,973
P937,3,972,0,972
P938,5,976,979,976
P939,1,978,983,978
P940,1,982,983,982
P941,1,981,982,981
P942,2,981,982,981
P943,2,982,984,982
P944,1,984,986,984
P945,2,985,986,985
P946,2,984,986,984
P947,3,985,987,985
P948,5,986,989,986
P949,5,989,994,989
P950,1,993,998,993
P951,1,997,998,997
P952,1,998,999,998
P953,1,998,999,998
P954,1,998,999,998
P955,1,999,1000,999
P956,1,999,1000,999
P957,1,999,1000,999
P958,1,1000,1001,1000
P959,3,999,1000,999
P960,1,997,1000,997
P961,1,1000,1001,1000
P962,1,1000,1001,1000
P963,2,1000,1001,1000
P964,3,998,1000,998
P965,2,997,1000,997
P966,1,1000,1002,1000
P967,3,1001,1002,1001
P968,5,1002,1005,1002
P969,2,1004,1009,1004
P970,3,1009,1011,1009
P971,1,1011,1014,1011
P972,2,1012,1013,1012
P973,1,1010,1012,1010
P974,2,1012,1013,1012
P975,4,1013,1015,1013
P976,2,1014,1018,1014
P977,3,1017,1019,1017
P978,5,1018,1021,1018
P979,2,1019,1024,1019
P980,1,1024,1026,1024
P981,2,1026,1027,1026
P982,2,1027,1029,1027
P983,3,1029,1031,1029
P984,2,1030,1033,1030
P985,2,1033,1035,1033
P986,2,1033,1035,1033
P987,2,1034,1036,1034
P988,2,1033,1035,1033
P989,1,1034,1036,1034
P990,1,1035,1036,1035
P991,2,1035,1036,1035
P992,1,1036,1038,1036
P993,2,1037,1038,1037
P994,1,1036,1038,1036
P995,1,1038,1039,1038
P996,4,1039,1040,1039
P997,3,1038,1042,1038
P998,1,1042,1045,1042
P999,1,1044,1045,1044
P1000,4,1044,1045,1044
