Proc_name, runtime, waiting, turnaround, response
P1,7,0,0,0
P2,5,19,26,19
P3,2,4,9,4
P4,7,8,10,8
P5,3,65,72,9
P6,4,13,16,13
P7,4,15,19,15
P8,3,20,24,20
P9,4,23,26,23
P10,3,25,29,25
P11,5,28,31,28
P12,3,30,35,30
P13,7,34,37,34
P14,6,199,206,36
P15,4,219,225,40
P16,3,44,48,44
P17,7,47,50,47
P18,3,271,278,49
P19,3,53,56,53
P20,6,57,60,57
P21,9,326,332,59
P22,3,351,360,63
P23,2,67,70,67
P24,4,69,71,69
P25,7,70,74,70
P26,5,411,418,73
P27,5,77,82,77
P28,2,81,86,81
P29,9,85,87,85
P30,7,477,486,86
P31,2,501,508,90
P32,2,94,96,94
P33,4,95,97,95
P34,5,96,100,96
P35,6,99,104,99
P36,9,576,582,103
P37,6,598,607,107
P38,8,625,631,111
P39,2,646,654,115
P40,3,119,121,119
P41,5,120,123,120
P42,6,122,127,122
P43,4,707,713,126
P44,3,130,134,130
P45,7,133,136,133
P46,1,753,760,135
P47,8,139,140,139
P48,4,780,788,139
P49,3,143,147,143
P50,4,146,149,146
P51,6,148,152,148
P52,2,845,851,151
P53,8,155,157,155
P54,3,872,880,156
P55,4,160,163,160
P56,8,164,168,164
P57,2,922,930,167
P58,6,171,173,171
P59,3,952,958,172
P60,7,176,179,176
P61,5,990,997,179
P62,2,183,188,183
P63,8,187,189,187
P64,6,1042,1050,188
P65,5,1066,1072,192
P66,7,196,201,196
P67,6,1102,1109,200
P68,4,1127,1133,204
P69,3,208,212,208
P70,7,211,214,211
P71,6,1178,1185,213
P72,5,1201,1207,217
P73,7,223,228,223
P74,6,1251,1258,227
P75,3,1277,1283,231
P76,5,235,238,235
P77,6,237,242,237
P78,2,1331,1337,241
P79,6,245,247,245
P80,6,1360,1366,246
P81,4,1379,1385,250
P82,2,254,258,254
P83,7,257,259,257
P84,8,1419,1426,258
P85,6,1439,1447,262
P86,6,1467,1473,267
P87,6,1488,1494,271
P88,7,1507,1513,275
P89,5,1524,1531,279
P90,4,283,288,283
P91,2,291,295,291
P92,5,294,296,294
P93,7,295,300,295
P94,7,1633,1640,299
P95,4,1650,1657,303
P96,4,307,311,307
P97,6,310,314,310
P98,3,1707,1713,313
P99,4,317,320,317
P100,8,319,323,319
P101,4,1758,1766,322
P102,7,326,330,326
P103,5,1797,1804,329
P104,1,333,338,333
P105,3,339,340,339
P106,6,339,342,339
P107,3,1864,1870,341
P108,3,345,348,345
P109,4,347,350,347
P110,2,349,353,349
P111,5,352,354,352
P112,9,353,358,353
P113,5,1954,1963,357
P114,4,361,366,361
P115,4,365,369,365
P116,7,368,372,368
P117,8,2034,2041,371
P118,4,2058,2066,375
P119,5,379,383,379
P120,7,382,387,382
P121,3,2115,2122,386
P122,9,394,397,394
P123,3,2162,2171,396
P124,7,400,403,400
P125,5,2200,2207,402
P126,3,406,411,406
P127,6,412,415,412
P128,3,2264,2270,414
P129,8,418,421,418
P130,7,2293,2301,420
P131,5,2320,2327,424
P132,9,428,433,428
P133,4,2357,2366,432
P134,1,436,440,436
P135,4,439,440,439
P136,5,439,443,439
P137,4,442,447,442
P138,7,446,450,446
P139,4,2434,2441,449
P140,6,453,457,453
P141,5,2474,2480,456
P142,6,460,465,460
P143,6,2517,2523,464
P144,4,2542,2548,468
P145,7,473,477,473
P146,4,2581,2588,476
P147,5,480,484,480
P148,4,483,488,483
P149,6,487,491,487
P150,4,2672,2678,494
P151,6,498,502,498
P152,5,2706,2712,501
P153,7,505,510,505
P154,4,2754,2761,509
P155,3,514,518,514
P156,5,517,520,517
P157,4,519,524,519
P158,6,523,527,523
P159,5,2842,2848,526
P160,1,533,538,533
P161,3,537,538,537
P162,5,537,540,537
P163,5,539,544,539
P164,8,543,548,543
P165,7,2941,2949,547
P166,5,2966,2973,551
P167,7,555,560,555
P168,5,3001,3008,559
P169,6,563,568,563
P170,3,3039,3045,567
P171,2,571,574,571
P172,3,573,575,573
P173,5,574,577,574
P174,5,576,581,576
P175,4,581,586,581
P176,3,585,589,585
P177,2,588,591,588
P178,3,590,592,590
P179,5,591,594,591
P180,4,593,598,593
P181,4,597,601,597
P182,4,600,604,600
P183,6,603,607,603
P184,4,3256,3262,606
P185,6,610,614,610
P186,4,3284,3290,613
P187,4,619,623,619
P188,9,622,626,622
P189,6,3349,3358,625
P190,8,3374,3380,629
P191,4,3397,3405,633
P192,2,637,641,637
P193,9,643,645,643
P194,5,3453,3462,644
P195,4,648,653,648
P196,7,652,656,652
P197,4,3513,3520,655
P198,3,659,663,659
P199,5,662,665,662
P200,3,664,669,664
P201,7,668,671,668
P202,4,3597,3604,670
P203,7,674,678,674
P204,4,3634,3641,677
P205,2,681,685,681
P206,5,684,686,684
P207,5,685,690,685
P208,2,689,694,689
P209,3,694,696,694
P210,3,695,698,695
P211,5,697,700,697
P212,8,699,704,699
P213,7,3773,3781,703
P214,5,3795,3802,707
P215,3,711,716,711
P216,3,718,721,718
P217,6,720,723,720
P218,8,3873,3879,722
P219,3,3891,3899,726
P220,3,730,733,730
P221,10,732,735,732
P222,4,3937,3947,734
P223,4,738,742,738
P224,6,741,745,741
P225,1,3999,4005,744
P226,2,748,749,748
P227,3,748,750,748
P228,4,749,752,749
P229,5,751,755,751
P230,4,757,762,757
P231,6,761,765,761
P232,5,4102,4108,764
P233,5,768,773,768
P234,3,772,777,772
P235,2,776,779,776
P236,6,778,780,778
P237,7,4098,4104,780
P238,9,4098,4105,784
P239,3,4099,4108,788
P240,7,792,795,792
P241,8,4101,4108,794
P242,7,4102,4110,798
P243,11,4104,4111,802
P244,1,4732,4743,806
P245,9,810,811,810
P246,5,4108,4117,812
P247,5,816,821,816
P248,4,820,825,820
P249,5,824,828,824
P250,3,827,832,827
P251,6,831,834,831
P252,6,4106,4112,833
P253,6,4106,4112,837
P254,3,4106,4112,841
P255,3,845,848,845
P256,5,847,850,847
P257,6,849,854,849
P258,8,4103,4109,856
P259,4,4103,4111,860
P260,4,864,868,864
P261,4,867,871,867
P262,4,870,874,870
P263,7,874,878,874
P264,3,4101,4108,877
P265,7,881,884,881
P266,5,4101,4108,883
P267,1,887,892,887
P268,5,891,892,891
P269,2,891,896,891
P270,4,895,897,895
P271,3,896,900,896
P272,5,899,902,899
P273,4,903,908,903
P274,10,907,911,907
P275,9,4094,4104,910
P276,7,4098,4107,914
P277,5,4101,4108,918
P278,7,923,928,923
P279,6,4101,4108,927
P280,5,4102,4108,931
P281,1,935,940,935
P282,5,939,940,939
P283,7,939,944,939
P284,6,4099,4106,943
P285,4,4100,4106,947
P286,5,951,955,951
P287,3,954,959,954
P288,9,958,961,958
P289,5,4097,4106,960
P290,7,966,971,966
P291,2,4099,4106,970
P292,7,974,976,974
P293,7,4099,4106,975
P294,4,4100,4107,979
P295,5,984,988,984
P296,2,987,992,987
P297,8,991,993,991
P298,3,4098,4106,992
P299,4,996,999,996
P300,6,998,1002,998
P301,6,4098,4104,1001
P302,5,4098,4104,1005
P303,3,1009,1014,1009
P304,9,1013,1016,1013
P305,6,4096,4105,1015
P306,9,4099,4105,1019
P307,7,4099,4108,1025
P308,9,4102,4109,1029
P309,8,4103,4112,1033
P310,5,4106,4114,1037
P311,4,1041,1046,1041
P312,2,1046,1050,1046
P313,4,1049,1051,1049
P314,5,1050,1054,1050
P315,6,1053,1058,1053
P316,5,4103,4109,1057
P317,4,1061,1066,1061
P318,5,1065,1069,1065
P319,6,1068,1073,1068
P320,5,4100,4106,1072
P321,7,1076,1081,1076
P322,4,4099,4106,1080
P323,3,1084,1088,1084
P324,7,1087,1090,1087
P325,4,4098,4105,1090
P326,4,1094,1098,1094
P327,7,1097,1101,1097
P328,7,4097,4104,1100
P329,9,4098,4105,1104
P330,2,4099,4108,1108
P331,4,1112,1114,1112
P332,5,1114,1118,1114
P333,4,1117,1122,1117
P334,5,1121,1125,1121
P335,1,1124,1129,1124
P336,4,1128,1129,1128
P337,4,1129,1133,1129
P338,3,1132,1136,1132
P339,4,1135,1138,1135
P340,3,1137,1141,1137
P341,2,1140,1143,1140
P342,2,1142,1144,1142
P343,6,1143,1145,1143
P344,7,4089,4095,1144
P345,10,4089,4096,1148
P346,5,4090,4100,1152
P347,4,1156,1161,1156
P348,1,1162,1166,1162
P349,5,1165,1166,1165
P350,7,1165,1170,1165
P351,4,4090,4097,1169
P352,3,1173,1177,1173
P353,6,1179,1182,1179
P354,5,4089,4095,1181
P355,4,1185,1190,1185
P356,4,1189,1193,1189
P357,5,1192,1196,1192
P358,5,1195,1200,1195
P359,6,1200,1205,1200
P360,3,4084,4090,1204
P361,3,1208,1211,1208
P362,6,1210,1213,1210
P363,8,4082,4088,1212
P364,4,4082,4090,1217
P365,8,1221,1225,1221
P366,4,4083,4091,1224
P367,1,1228,1232,1228
P368,6,1231,1232,1231
P369,4,4083,4089,1232
P370,2,1236,1240,1236
P371,5,1239,1241,1239
P372,1,1240,1245,1240
P373,4,1244,1245,1244
P374,4,1246,1250,1246
P375,4,1249,1253,1249
P376,6,1252,1256,1252
P377,10,4076,4082,1255
P378,6,4076,4086,1259
P379,4,4080,4086,1263
P380,6,1267,1271,1267
P381,3,4079,4085,1270
P382,5,1274,1277,1274
P383,6,1276,1281,1276
P384,2,4077,4083,1280
P385,4,1284,1286,1284
P386,5,1285,1289,1285
P387,7,1288,1293,1288
P388,4,4074,4081,1292
P389,5,1296,1300,1296
P390,5,1299,1304,1299
P391,5,1303,1308,1303
P392,6,1307,1312,1307
P393,6,4071,4077,1311
P394,5,4071,4077,1315
P395,3,1319,1324,1319
P396,6,1323,1326,1323
P397,5,4069,4075,1325
P398,2,1329,1334,1329
P399,10,1335,1337,1335
P400,3,4067,4077,1336
P401,3,1340,1343,1340
P402,3,1342,1345,1342
P403,2,1344,1347,1344
P404,6,1348,1350,1348
P405,5,4067,4073,1349
P406,3,1353,1358,1353
P407,7,1357,1360,1357
P408,9,4065,4072,1359
P409,9,4066,4075,1363
P410,12,4069,4078,1367
P411,4,4566,4578,1371
P412,5,1375,1379,1375
P413,5,1378,1383,1378
P414,4,1382,1387,1382
P415,6,1386,1390,1386
P416,5,4072,4078,1389
P417,7,1394,1399,1394
P418,8,4071,4078,1398
P419,5,4072,4080,1402
P420,6,1406,1411,1406
P421,5,4073,4079,1410
P422,4,1414,1419,1414
P423,2,1418,1422,1418
P424,4,1421,1423,1421
P425,3,1422,1426,1422
P426,7,1425,1428,1425
P427,6,4068,4075,1427
P428,6,4069,4075,1431
P429,3,4069,4075,1438
P430,5,1442,1445,1442
P431,10,1444,1449,1444
P432,3,4067,4077,1448
P433,5,1452,1455,1452
P434,6,1454,1459,1454
P435,4,4069,4075,1458
P436,3,1462,1466,1462
P437,4,1465,1468,1465
P438,9,1469,1473,1469
P439,8,4066,4075,1472
P440,10,4069,4077,1476
P441,4,4071,4081,1480
P442,2,1484,1488,1484
P443,5,1487,1489,1487
P444,6,1488,1493,1488
P445,2,4072,4078,1492
P446,5,1496,1498,1496
P447,9,1497,1502,1497
P448,4,4070,4079,1501
P449,7,1505,1509,1505
P450,8,4072,4079,1508
P451,3,4073,4081,1512
P452,8,1516,1519,1516
P453,6,4074,4082,1518
P454,3,4076,4082,1523
P455,3,1527,1530,1527
P456,6,1529,1532,1529
P457,6,4074,4080,1531
P458,7,4074,4080,1535
P459,3,4074,4081,1539
P460,9,1543,1546,1543
P461,8,4074,4083,1545
P462,3,4077,4085,1549
P463,7,1553,1556,1553
P464,6,4078,4085,1555
P465,4,4079,4085,1559
P466,8,1563,1567,1563
P467,7,4078,4086,1566
P468,4,4080,4087,1570
P469,3,1574,1578,1574
P470,11,1577,1580,1577
P471,3,4508,4519,1579
P472,7,1583,1586,1583
P473,4,4082,4089,1585
P474,7,1589,1593,1589
P475,5,4082,4089,1592
P476,4,1600,1605,1600
P477,4,1604,1608,1604
P478,3,1607,1611,1607
P479,7,1610,1613,1610
P480,7,4079,4086,1612
P481,2,4080,4087,1616
P482,5,1620,1622,1620
P483,7,1621,1626,1621
P484,7,4079,4086,1625
P485,4,4080,4087,1629
P486,8,1633,1637,1633
P487,6,4080,4088,1636
P488,6,4082,4088,1640
P489,7,4082,4088,1644
P490,5,4082,4089,1648
P491,3,1652,1657,1652
P492,6,1656,1659,1656
P493,5,4081,4087,1658
P494,4,1664,1669,1664
P495,4,1668,1672,1668
P496,7,1671,1675,1671
P497,7,4078,4085,1674
P498,3,4079,4086,1678
P499,4,1685,1688,1685
P500,9,1687,1691,1687
P501,2,4078,4087,1690
P502,5,1694,1696,1694
P503,5,1695,1700,1695
P504,10,1699,1704,1699
P505,5,4078,4088,1703
P506,5,1707,1712,1707
P507,5,1711,1716,1711
P508,6,1715,1720,1715
P509,4,4079,4085,1719
P510,3,1723,1727,1723
P511,1,1726,1729,1726
P512,5,1728,1729,1728
P513,5,1730,1735,1730
P514,3,1734,1739,1734
P515,4,1738,1741,1738
P516,4,1740,1744,1740
P517,8,1743,1747,1743
P518,3,4071,4079,1746
P519,9,1750,1753,1750
P520,2,4072,4081,1752
P521,4,1756,1758,1756
P522,8,1757,1761,1757
P523,2,4073,4081,1760
P524,9,1764,1766,1764
P525,7,4074,4083,1769
P526,8,4077,4084,1773
P527,6,4078,4086,1777
P528,4,4080,4086,1781
P529,6,1785,1789,1785
P530,4,4079,4085,1788
P531,3,1792,1796,1792
P532,6,1795,1798,1795
P533,5,4077,4083,1799
P534,4,1803,1808,1803
P535,8,1807,1811,1807
P536,4,4075,4083,1810
P537,8,1814,1818,1814
P538,4,4076,4084,1817
P539,3,1821,1825,1821
P540,3,1824,1827,1824
P541,4,1826,1829,1826
P542,5,1828,1832,1828
P543,7,1831,1836,1831
P544,5,4073,4080,1835
P545,3,1839,1844,1839
P546,5,1843,1846,1843
P547,3,1845,1850,1845
P548,5,1850,1853,1850
P549,2,1852,1857,1852
P550,3,1856,1858,1856
P551,6,1857,1860,1857
P552,6,4067,4073,1859
P553,2,4067,4073,1863
P554,7,1867,1869,1867
P555,9,4066,4073,1868
P556,7,4067,4076,1875
P557,5,4070,4077,1879
P558,6,1883,1888,1883
P559,9,4070,4076,1887
P560,5,4070,4079,1891
P561,4,1897,1902,1897
P562,1,1901,1905,1901
P563,7,1904,1905,1904
P564,5,4070,4077,1904
P565,3,1908,1913,1908
P566,4,1912,1915,1912
P567,2,1914,1918,1914
P568,4,1917,1919,1917
P569,4,1918,1922,1918
P570,8,1921,1925,1921
P571,4,4065,4073,1928
P572,6,1932,1936,1932
P573,4,4066,4072,1935
P574,5,1939,1943,1939
P575,4,1942,1947,1942
P576,3,1946,1950,1946
P577,9,1949,1952,1949
P578,3,4062,4071,1951
P579,8,1955,1958,1955
P580,2,4064,4072,1957
P581,1,1961,1963,1961
P582,3,1962,1963,1962
P583,1,1962,1965,1962
P584,2,1964,1965,1964
P585,1,1964,1966,1964
P586,4,1965,1966,1965
P587,5,1965,1969,1965
P588,2,1968,1973,1968
P589,7,1972,1974,1972
P590,3,4057,4064,1973
P591,4,1977,1980,1977
P592,3,1979,1983,1979
P593,3,1982,1985,1982
P594,3,1986,1989,1986
P595,9,1988,1991,1988
P596,9,4053,4062,1990
P597,4,4056,4065,1994
P598,5,1998,2002,1998
P599,6,2001,2006,2001
P600,5,4057,4063,2005
P601,8,2009,2014,2009
P602,5,4056,4064,2013
P603,8,2018,2023,2018
P604,4,4057,4065,2022
P605,3,2026,2030,2026
P606,5,2029,2032,2029
P607,8,2031,2036,2031
P608,7,4056,4064,2035
P609,2,4058,4065,2039
P610,6,2043,2045,2043
P611,5,4058,4064,2044
P612,6,2048,2053,2048
P613,6,4057,4063,2053
P614,5,4057,4063,2057
P615,6,2061,2066,2061
P616,8,4056,4062,2065
P617,4,4056,4064,2069
P618,1,2074,2078,2074
P619,3,2077,2078,2077
P620,8,2077,2080,2077
P621,3,4055,4063,2079
P622,4,2083,2086,2083
P623,8,2085,2089,2085
P624,5,4055,4063,2088
P625,7,2092,2097,2092
P626,6,4056,4063,2096
P627,3,4057,4063,2100
P628,4,2106,2109,2106
P629,7,2108,2112,2108
P630,6,4055,4062,2111
P631,3,4056,4062,2115
P632,4,2119,2122,2119
P633,4,2121,2125,2121
P634,4,2124,2128,2124
P635,6,2127,2131,2127
P636,3,4052,4058,2130
P637,9,2134,2137,2134
P638,6,4051,4060,2136
P639,3,4054,4060,2140
P640,5,2144,2147,2144
P641,4,2146,2151,2146
P642,3,2150,2154,2150
P643,6,2153,2156,2153
P644,7,4050,4056,2155
P645,5,4050,4057,2159
P646,5,2163,2168,2163
P647,10,2167,2172,2167
P648,3,4049,4059,2171
P649,2,2175,2178,2175
P650,5,2178,2180,2178
P651,1,2179,2184,2179
P652,7,2183,2184,2183
P653,4,4049,4056,2183
P654,5,2187,2191,2187
P655,7,2190,2195,2190
P656,4,4048,4055,2194
P657,4,2198,2202,2198
P658,5,2201,2205,2201
P659,6,2205,2210,2205
P660,5,4046,4052,2209
P661,5,2213,2218,2213
P662,7,2217,2222,2217
P663,4,4044,4051,2221
P664,5,2225,2229,2225
P665,5,2228,2233,2228
P666,7,2232,2237,2232
P667,6,4042,4049,2236
P668,10,4043,4049,2240
P669,7,4043,4053,2246
P670,4,4047,4054,2250
P671,3,2254,2258,2254
P672,4,2257,2260,2257
P673,2,2259,2263,2259
P674,3,2262,2264,2262
P675,3,2263,2266,2263
P676,9,2265,2268,2265
P677,5,4042,4051,2267
P678,8,2271,2276,2271
P679,6,4044,4052,2275
P680,4,4046,4052,2279
P681,3,2283,2287,2283
P682,7,2286,2289,2286
P683,7,4044,4051,2288
P684,4,4045,4052,2292
P685,5,2296,2300,2296
P686,3,2299,2304,2299
P687,5,2303,2306,2303
P688,3,2305,2310,2305
P689,6,2309,2312,2309
P690,3,4041,4047,2311
P691,3,2316,2319,2316
P692,2,2318,2321,2318
P693,6,2320,2322,2320
P694,5,4038,4044,2321
P695,5,2325,2330,2325
P696,7,2329,2334,2329
P697,2,4036,4043,2333
P698,3,2337,2339,2337
P699,2,2338,2341,2338
P700,4,2340,2342,2340
P701,4,2341,2345,2341
P702,7,2344,2348,2344
P703,7,4032,4039,2347
P704,5,4033,4040,2351
P705,9,2355,2360,2355
P706,1,4033,4042,2359
P707,3,2363,2364,2363
P708,6,2363,2366,2363
P709,5,4034,4040,2365
P710,1,2369,2374,2369
P711,3,2373,2374,2373
P712,5,2373,2376,2373
P713,3,2375,2380,2375
P714,6,2379,2382,2379
P715,5,4029,4035,2381
P716,6,2385,2390,2385
P717,4,4028,4034,2389
P718,5,2396,2400,2396
P719,5,2399,2404,2399
P720,5,2403,2408,2403
P721,4,2407,2412,2407
P722,4,2411,2415,2411
P723,2,2416,2420,2416
P724,4,2419,2421,2419
P725,4,2420,2424,2420
P726,5,2423,2427,2423
P727,3,2426,2431,2426
P728,1,2430,2433,2430
P729,4,2432,2433,2432
P730,4,2432,2436,2432
P731,4,2435,2439,2435
P732,2,2438,2442,2438
P733,2,2443,2445,2443
P734,5,2444,2446,2444
P735,6,2445,2450,2445
P736,3,4010,4016,2449
P737,1,2453,2456,2453
P738,6,2455,2456,2455
P739,5,4008,4014,2455
P740,5,2459,2464,2459
P741,6,2463,2468,2463
P742,7,4006,4012,2467
P743,6,4006,4013,2472
P744,4,4007,4013,2476
P745,7,2480,2484,2480
P746,6,4006,4013,2483
P747,2,4007,4013,2487
P748,5,2491,2493,2491
P749,5,2492,2497,2492
P750,5,2496,2501,2496
P751,5,2500,2505,2500
P752,2,2504,2509,2504
P753,6,2508,2510,2508
P754,7,4001,4007,2509
P755,5,4001,4008,2513
P756,6,2517,2522,2517
P757,11,4001,4007,2521
P758,4,4222,4233,2525
P759,3,2529,2533,2529
P760,8,2532,2535,2532
P761,8,4003,4011,2534
P762,2,4005,4013,2538
P763,6,2542,2544,2542
P764,2,4006,4012,2543
P765,4,2547,2549,2547
P766,6,2548,2552,2548
P767,5,4004,4010,2551
P768,3,2555,2560,2555
P769,6,2559,2562,2559
P770,3,4002,4008,2561
P771,4,2565,2568,2565
P772,6,2567,2571,2567
P773,3,4000,4006,2570
P774,9,2574,2577,2574
P775,6,3999,4008,2576
P776,4,4002,4008,2580
P777,7,2584,2588,2584
P778,6,4001,4008,2587
P779,4,4002,4008,2591
P780,3,2595,2599,2595
P781,8,2598,2601,2598
P782,10,4000,4008,2600
P783,7,4002,4012,2604
P784,8,4006,4013,2608
P785,7,4007,4015,2612
P786,4,4009,4016,2616
P787,7,2620,2624,2620
P788,4,4009,4016,2623
P789,4,2627,2631,2627
P790,3,2630,2634,2630
P791,8,2633,2636,2633
P792,5,4007,4015,2635
P793,3,2639,2644,2639
P794,6,2643,2646,2643
P795,5,4007,4013,2645
P796,1,2650,2655,2650
P797,5,2654,2655,2654
P798,3,2654,2659,2654
P799,8,2658,2661,2658
P800,2,4003,4011,2660
P801,3,2664,2666,2664
P802,2,2665,2668,2665
P803,3,2667,2669,2667
P804,6,2668,2671,2668
P805,5,4001,4007,2671
P806,2,2675,2680,2675
P807,3,2679,2681,2679
P808,6,2680,2683,2680
P809,4,3998,4004,2682
P810,5,2686,2690,2686
P811,5,2689,2694,2689
P812,8,2693,2698,2693
P813,5,3995,4003,2697
P814,4,2701,2706,2701
P815,7,2705,2709,2705
P816,7,3995,4002,2708
P817,4,3996,4003,2712
P818,5,2716,2720,2716
P819,3,2719,2724,2719
P820,4,2727,2730,2727
P821,5,2729,2733,2729
P822,8,2732,2737,2732
P823,7,3992,4000,2736
P824,6,3994,4001,2740
P825,4,3995,4001,2745
P826,9,2749,2753,2749
P827,4,3994,4003,2752
P828,6,2756,2760,2756
P829,10,3996,4002,2759
P830,6,3996,4006,2766
P831,4,4000,4006,2770
P832,3,2774,2778,2774
P833,5,2777,2780,2777
P834,4,2779,2784,2779
P835,4,2783,2787,2783
P836,4,2786,2790,2786
P837,2,2789,2793,2789
P838,5,2792,2794,2792
P839,7,2793,2798,2793
P840,3,3992,3999,2797
P841,2,2801,2804,2801
P842,10,2803,2805,2803
P843,5,3991,4001,2804
P844,4,2812,2817,2812
P845,8,2816,2820,2816
P846,2,3993,4001,2819
P847,2,2823,2825,2823
P848,5,2824,2826,2824
P849,5,2825,2830,2825
P850,8,2829,2834,2829
P851,8,3991,3999,2833
P852,7,3993,4001,2837
P853,9,3995,4002,2841
P854,3,3996,4005,2845
P855,3,2849,2852,2849
P856,7,2851,2854,2851
P857,7,3997,4004,2853
P858,7,3998,4005,2859
P859,3,3999,4006,2863
P860,3,2867,2870,2867
P861,7,2869,2872,2869
P862,4,3998,4005,2871
P863,9,2875,2879,2875
P864,3,3998,4007,2878
P865,7,2882,2885,2882
P866,5,4000,4007,2884
P867,5,2888,2893,2888
P868,5,2892,2897,2892
P869,5,2896,2901,2896
P870,5,2900,2905,2900
P871,8,2904,2909,2904
P872,3,3996,4004,2908
P873,7,2912,2915,2912
P874,5,3997,4004,2914
P875,4,2918,2923,2918
P876,2,2922,2926,2922
P877,8,2925,2927,2925
P878,5,3995,4003,2928
P879,5,2932,2937,2932
P880,5,2936,2941,2936
P881,4,2940,2945,2940
P882,12,2944,2948,2944
P883,2,3993,0,2947
P884,4,2951,2953,2951
P885,2,2952,2956,2952
P886,4,2955,2957,2955
P887,9,2958,2962,2958
P888,6,3993,4002,2961
P889,7,3996,4002,2965
P890,4,3996,4003,2969
P891,2,2973,2977,2973
P892,5,2976,2978,2976
P893,6,2977,2982,2977
P894,7,3994,4000,2981
P895,3,3994,4001,2985
P896,5,2989,2992,2989
P897,8,2991,2996,2991
P898,5,3993,4001,2995
P899,3,2999,3004,2999
P900,6,3003,3006,3003
P901,6,3993,3999,3005
P902,6,3993,3999,3009
P903,5,3993,3999,3013
P904,2,3017,3022,3017
P905,10,3021,3023,3021
P906,3,3991,4001,3022
P907,3,3026,3029,3026
P908,4,3028,3031,3028
P909,8,3030,3034,3030
P910,5,3992,4000,3033
P911,6,3037,3042,3037
P912,2,3993,3999,3041
P913,4,3045,3047,3045
P914,2,3046,3050,3046
P915,2,3049,3051,3049
P916,7,3050,3052,3050
P917,8,3989,3996,3051
P918,6,3990,3998,3055
P919,7,3992,3998,3059
P920,3,3992,3999,3063
P921,9,3067,3070,3067
P922,6,3992,4001,3072
P923,2,3995,4001,3076
P924,3,3080,3082,3080
P925,5,3081,3084,3081
P926,4,3083,3088,3083
P927,6,3089,3093,3089
P928,4,3991,3997,3092
P929,9,3096,3100,3096
P930,7,3990,3999,3099
P931,6,3993,4000,3103
P932,3,3994,4000,3107
P933,5,3111,3114,3111
P934,2,3113,3118,3113
P935,5,3117,3119,3117
P936,5,3118,3123,3118
P937,6,3122,3127,3122
P938,3,3989,3995,3126
P939,10,3130,3133,3130
P940,4,3988,3998,3132
P941,4,3136,3140,3136
P942,3,3139,3143,3139
P943,6,3142,3145,3142
P944,3,3989,3995,3144
P945,5,3148,3151,3148
P946,2,3151,3156,3151
P947,4,3155,3157,3155
P948,2,3156,3160,3156
P949,7,3159,3161,3159
P950,4,3984,3991,3160
P951,2,3167,3171,3167
P952,5,3170,3172,3170
P953,9,3171,3176,3171
P954,6,3982,3991,3175
P955,5,3985,3991,3179
P956,3,3183,3188,3183
P957,2,3187,3190,3187
P958,6,3189,3191,3189
P959,7,3982,3988,3190
P960,10,3982,3989,3194
P961,7,3983,3993,3198
P962,8,3987,3994,3207
P963,7,3988,3996,3211
P964,4,3990,3997,3215
P965,6,3219,3223,3219
P966,7,3990,3996,3222
P967,8,3990,3997,3226
P968,5,3991,3999,3230
P969,5,3234,3239,3234
P970,4,3238,3243,3238
P971,5,3242,3246,3242
P972,7,3245,3250,3245
P973,2,3989,3996,3249
P974,8,3253,3255,3253
P975,3,3989,3997,3255
P976,4,3259,3262,3259
P977,2,3261,3265,3261
P978,4,3264,3266,3264
P979,5,3265,3269,3265
P980,5,3268,3273,3268
P981,4,3272,3277,3272
P982,3,3276,3280,3276
P983,4,3279,3282,3279
P984,10,3281,3285,3281
P985,5,3982,3992,3284
P986,6,3288,3293,3288
P987,5,3985,3991,3292
P988,6,3296,3301,3296
P989,3,3984,3990,3300
P990,4,3304,3307,3304
P991,4,3306,3310,3306
P992,9,3309,3313,3309
P993,4,3981,3990,3312
P994,3,3316,3320,3316
P995,4,3319,3322,3319
P996,7,3321,3325,3321
P997,3,3981,3988,3324
P998,1,3328,3331,3328
P999,6,3330,3331,3330
P1000,4,3980,3986,3330
