Proc_name, runtime, waiting, turnaround, response
P1,7,0,0,0
P2,5,0,7,0
P3,2,1397,1402,1397
P4,7,5,7,5
P5,3,3129,3136,3129
P6,4,5,8,5
P7,4,60,64,60
P8,3,66,70,66
P9,4,5,8,5
P10,3,75,79,75
P11,5,6,9,6
P12,3,1393,1398,1393
P13,7,7,10,7
P14,6,3127,3134,3127
P15,4,2315,2321,2315
P16,3,73,77,73
P17,7,6,9,6
P18,3,3130,3137,3130
P19,3,9,12,9
P20,6,17,20,17
P21,9,2315,2321,2315
P22,3,4375,4384,4375
P23,2,19,22,19
P24,4,2,4,2
P25,7,70,74,70
P26,5,3129,3136,3129
P27,5,1383,1388,1383
P28,2,1387,1392,1387
P29,9,2,4,2
P30,7,4376,4385,4376
P31,2,3131,3138,3131
P32,2,1,3,1
P33,4,2,4,2
P34,5,68,72,68
P35,6,1385,1390,1385
P36,9,2306,2312,2306
P37,6,4378,4387,4378
P38,8,2310,2316,2310
P39,2,3886,3894,3886
P40,3,0,2,0
P41,5,4,7,4
P42,6,1383,1388,1383
P43,4,2311,2317,2311
P44,3,74,78,74
P45,7,4,7,4
P46,1,3123,3130,3123
P47,8,1,2,1
P48,4,3885,3893,3885
P49,3,85,89,85
P50,4,2,5,2
P51,6,88,92,88
P52,2,2308,2314,2308
P53,8,2,4,2
P54,3,3887,3895,3887
P55,4,2,5,2
P56,8,87,91,87
P57,2,3892,3900,3892
P58,6,2,4,2
P59,3,2307,2313,2307
P60,7,2,5,2
P61,5,3115,3122,3115
P62,2,1368,1373,1368
P63,8,2,4,2
P64,6,3893,3901,3893
P65,5,2307,2313,2307
P66,7,1369,1374,1369
P67,6,3116,3123,3116
P68,4,2310,2316,2310
P69,3,78,82,78
P70,7,1,4,1
P71,6,3119,3126,3119
P72,5,2312,2318,2312
P73,7,1367,1372,1367
P74,6,3123,3130,3123
P75,3,2315,2321,2315
P76,5,2,5,2
P77,6,1368,1373,1368
P78,2,2318,2324,2318
P79,6,2,4,2
P80,6,2322,2328,2322
P81,4,2327,2333,2327
P82,2,69,73,69
P83,7,0,2,0
P84,8,3120,3127,3120
P85,6,3880,3888,3880
P86,6,2328,2334,2328
P87,6,2333,2339,2333
P88,7,2338,2344,2338
P89,5,3122,3129,3122
P90,4,1360,1365,1360
P91,2,64,68,64
P92,5,1,3,1
P93,7,1362,1367,1362
P94,7,3124,3131,3124
P95,4,3130,3137,3130
P96,4,70,74,70
P97,6,73,77,73
P98,3,2334,2340,2334
P99,4,0,3,0
P100,8,90,94,90
P101,4,3872,3880,3872
P102,7,94,98,94
P103,5,3129,3136,3129
P104,1,1356,1361,1356
P105,3,1,2,1
P106,6,1,4,1
P107,3,2331,2337,2331
P108,3,2,5,2
P109,4,6,9,6
P110,2,98,102,98
P111,5,2,4,2
P112,9,1353,1358,1353
P113,5,4311,4320,4311
P114,4,1356,1361,1356
P115,4,132,136,132
P116,7,138,142,138
P117,8,3122,3129,3122
P118,4,3863,3871,3863
P119,5,145,149,145
P120,7,1355,1360,1355
P121,3,3125,3132,3125
P122,9,0,3,0
P123,3,4310,4319,4310
P124,7,1,4,1
P125,5,3128,3135,3128
P126,3,1354,1359,1354
P127,6,1,4,1
P128,3,2316,2322,2316
P129,8,2,5,2
P130,7,3859,3867,3859
P131,5,3129,3136,3129
P132,9,1353,1358,1353
P133,4,4309,4318,4309
P134,1,143,147,143
P135,4,3,4,3
P136,5,145,149,145
P137,4,1353,1358,1353
P138,7,148,152,148
P139,4,3128,3135,3128
P140,6,155,159,155
P141,5,2309,2315,2309
P142,6,1353,1358,1353
P143,6,2313,2319,2313
P144,4,2318,2324,2318
P145,7,162,166,162
P146,4,3128,3135,3128
P147,5,164,168,164
P148,4,1352,1357,1352
P149,6,168,172,168
P150,4,2318,2324,2318
P151,6,170,174,170
P152,5,2322,2328,2322
P153,7,1352,1357,1352
P154,4,3127,3134,3127
P155,3,173,177,173
P156,5,3,6,3
P157,4,1353,1358,1353
P158,6,176,180,176
P159,5,2321,2327,2321
P160,1,1355,1360,1355
P161,3,1,2,1
P162,5,1,4,1
P163,5,1357,1362,1357
P164,8,1361,1366,1361
P165,7,3832,3840,3832
P166,5,3122,3129,3122
P167,7,1363,1368,1363
P168,5,3127,3134,3127
P169,6,1366,1371,1366
P170,3,2316,2322,2316
P171,2,5,8,5
P172,3,2,4,2
P173,5,8,11,8
P174,5,1366,1371,1366
P175,4,1370,1375,1370
P176,3,174,178,174
P177,2,7,10,7
P178,3,1,3,1
P179,5,8,11,8
P180,4,1370,1375,1370
P181,4,176,180,176
P182,4,185,189,185
P183,6,192,196,192
P184,4,2308,2314,2308
P185,6,194,198,194
P186,4,2312,2318,2312
P187,4,201,205,201
P188,9,204,208,204
P189,6,4262,4271,4262
P190,8,2314,2320,2314
P191,4,3814,3822,3814
P192,2,223,227,223
P193,9,1,3,1
P194,5,4266,4275,4266
P195,4,1360,1365,1360
P196,7,223,227,223
P197,4,3105,3112,3105
P198,3,225,229,225
P199,5,1,4,1
P200,3,1360,1365,1360
P201,7,2,5,2
P202,4,3107,3114,3107
P203,7,238,242,238
P204,4,3112,3119,3112
P205,2,244,248,244
P206,5,0,2,0
P207,5,1358,1363,1358
P208,2,1362,1367,1362
P209,3,3,5,3
P210,3,4,7,4
P211,5,6,9,6
P212,8,1363,1368,1363
P213,7,3800,3808,3800
P214,5,3109,3116,3109
P215,3,1365,1370,1365
P216,3,4,7,4
P217,6,6,9,6
P218,8,2292,2298,2292
P219,3,3802,3810,3802
P220,3,9,12,9
P221,10,11,14,11
P222,4,4544,4554,4544
P223,4,245,249,245
P224,6,254,258,254
P225,1,2291,2297,2291
P226,2,0,1,0
P227,3,0,2,0
P228,4,7,10,7
P229,5,258,262,258
P230,4,1355,1360,1355
P231,6,260,264,260
P232,5,2290,2296,2290
P233,5,1357,1362,1357
P234,3,1361,1366,1361
P235,2,5,8,5
P236,6,2,4,2
P237,7,2291,2297,2291
P238,9,3092,3099,3092
P239,3,4230,4239,4230
P240,7,3,6,3
P241,8,3096,3103,3096
P242,7,3787,3795,3787
P243,11,3101,3108,3101
P244,1,4692,4703,4692
P245,9,1,2,1
P246,5,4232,4241,4232
P247,5,1353,1358,1353
P248,4,1357,1362,1357
P249,5,249,253,249
P250,3,1360,1365,1360
P251,6,0,3,0
P252,6,2282,2288,2282
P253,6,2287,2293,2287
P254,3,2292,2298,2292
P255,3,3,6,3
P256,5,5,8,5
P257,6,1358,1363,1358
P258,8,2294,2300,2294
P259,4,3778,3786,3778
P260,4,247,251,247
P261,4,257,261,257
P262,4,267,271,267
P263,7,273,277,273
P264,3,3087,3094,3087
P265,7,4,7,4
P266,5,3092,3099,3092
P267,1,1353,1358,1353
P268,5,0,1,0
P269,2,1356,1361,1356
P270,4,2,4,2
P271,3,288,292,288
P272,5,2,5,2
P273,4,1357,1362,1357
P274,10,290,294,290
P275,9,4501,4511,4501
P276,7,4211,4220,4211
P277,5,3088,3095,3088
P278,7,1357,1362,1357
P279,6,3093,3100,3093
P280,5,2278,2284,2278
P281,1,1359,1364,1359
P282,5,3,4,3
P283,7,1362,1367,1362
P284,6,3095,3102,3095
P285,4,2279,2285,2279
P286,5,287,291,287
P287,3,1363,1368,1363
P288,9,2,5,2
P289,5,4207,4216,4207
P290,7,1365,1370,1365
P291,2,3095,3102,3095
P292,7,1,3,1
P293,7,3100,3107,3100
P294,4,3106,3113,3106
P295,5,317,321,317
P296,2,1364,1369,1364
P297,8,2,4,2
P298,3,3747,3755,3747
P299,4,2,5,2
P300,6,316,320,316
P301,6,2269,2275,2269
P302,5,2274,2280,2274
P303,3,1362,1367,1362
P304,9,0,3,0
P305,6,4200,4209,4200
P306,9,2276,2282,2276
P307,7,4207,4216,4207
P308,9,3099,3106,3099
P309,8,4214,4223,4214
P310,5,3743,3751,3743
P311,4,1359,1364,1359
P312,2,315,319,315
P313,4,2,4,2
P314,5,332,336,332
P315,6,1360,1365,1360
P316,5,2272,2278,2272
P317,4,1363,1368,1363
P318,5,338,342,338
P319,6,1366,1371,1366
P320,5,2274,2280,2274
P321,7,1369,1374,1369
P322,4,3092,3099,3092
P323,3,337,341,337
P324,7,1,4,1
P325,4,3096,3103,3096
P326,4,338,342,338
P327,7,341,345,341
P328,7,3100,3107,3100
P329,9,3106,3113,3106
P330,2,4202,4211,4202
P331,4,1,3,1
P332,5,354,358,354
P333,4,1362,1367,1362
P334,5,388,392,388
P335,1,1365,1370,1365
P336,4,2,3,2
P337,4,395,399,395
P338,3,406,410,406
P339,4,0,3,0
P340,3,410,414,410
P341,2,5,8,5
P342,2,0,2,0
P343,6,1,3,1
P344,7,2256,2262,2256
P345,10,3097,3104,3097
P346,5,4440,4450,4440
P347,4,1358,1363,1358
P348,1,408,412,408
P349,5,0,1,0
P350,7,1360,1365,1360
P351,4,3098,3105,3098
P352,3,415,419,415
P353,6,1,4,1
P354,5,2252,2258,2252
P355,4,1360,1365,1360
P356,4,424,428,424
P357,5,430,434,430
P358,5,1362,1367,1362
P359,6,1366,1371,1366
P360,3,2252,2258,2252
P361,3,0,3,0
P362,6,2,5,2
P363,8,2255,2261,2255
P364,4,3697,3705,3697
P365,8,433,437,433
P366,4,3703,3711,3703
P367,1,456,460,456
P368,6,3,4,3
P369,4,2255,2261,2255
P370,2,457,461,457
P371,5,1,3,1
P372,1,1358,1363,1358
P373,4,1,2,1
P374,4,457,461,457
P375,4,465,469,465
P376,6,477,481,477
P377,10,2253,2259,2253
P378,6,4418,4428,4418
P379,4,2257,2263,2257
P380,6,492,496,492
P381,3,2261,2267,2261
P382,5,1,4,1
P383,6,1352,1357,1352
P384,2,2264,2270,2264
P385,4,1,3,1
P386,5,495,499,495
P387,7,1353,1358,1353
P388,4,3068,3075,3068
P389,5,500,504,500
P390,5,1355,1360,1355
P391,5,1359,1364,1359
P392,6,1363,1368,1363
P393,6,2261,2267,2261
P394,5,2266,2272,2266
P395,3,1365,1370,1365
P396,6,0,3,0
P397,5,2269,2275,2269
P398,2,1367,1372,1367
P399,10,0,2,0
P400,3,4406,4416,4406
P401,3,0,3,0
P402,3,4,7,4
P403,2,6,9,6
P404,6,0,2,0
P405,5,2267,2273,2267
P406,3,1364,1369,1364
P407,7,5,8,5
P408,9,3055,3062,3055
P409,9,4132,4141,4132
P410,12,4140,4149,4140
P411,4,4558,4570,4558
P412,5,483,487,483
P413,5,1362,1367,1362
P414,4,1366,1371,1366
P415,6,504,508,504
P416,5,2262,2268,2262
P417,7,1368,1373,1368
P418,8,3052,3059,3052
P419,5,3658,3666,3658
P420,6,1370,1375,1370
P421,5,2263,2269,2263
P422,4,1373,1378,1373
P423,2,508,512,508
P424,4,3,5,3
P425,3,530,534,530
P426,7,3,6,3
P427,6,3050,3057,3050
P428,6,2262,2268,2262
P429,3,2267,2273,2267
P430,5,2,5,2
P431,10,1369,1374,1369
P432,3,4384,4394,4384
P433,5,2,5,2
P434,6,1371,1376,1371
P435,4,2267,2273,2267
P436,3,528,532,528
P437,4,1,4,1
P438,9,530,534,530
P439,8,4120,4129,4120
P440,10,3645,3653,3645
P441,4,4385,4395,4385
P442,2,530,534,530
P443,5,2,4,2
P444,6,1366,1371,1366
P445,2,2263,2269,2263
P446,5,1,3,1
P447,9,1368,1373,1368
P448,4,4120,4129,4120
P449,7,537,541,537
P450,8,3034,3041,3034
P451,3,3642,3650,3642
P452,8,1,4,1
P453,6,3648,3656,3648
P454,3,2260,2266,2260
P455,3,1,4,1
P456,6,3,6,3
P457,6,2263,2269,2263
P458,7,2268,2274,2268
P459,3,3032,3039,3032
P460,9,2,5,2
P461,8,4116,4125,4116
P462,3,3647,3655,3647
P463,7,2,5,2
P464,6,3034,3041,3034
P465,4,2267,2273,2267
P466,8,527,531,527
P467,7,3650,3658,3650
P468,4,3037,3044,3037
P469,3,535,539,535
P470,11,2,5,2
P471,3,4476,4487,4476
P472,7,3,6,3
P473,4,3039,3046,3039
P474,7,534,538,534
P475,5,3044,3051,3044
P476,4,1344,1349,1344
P477,4,535,539,535
P478,3,538,542,538
P479,7,5,8,5
P480,7,3046,3053,3046
P481,2,3052,3059,3052
P482,5,0,2,0
P483,7,1342,1347,1342
P484,7,3056,3063,3056
P485,4,3062,3069,3062
P486,8,534,538,534
P487,6,3638,3646,3638
P488,6,2250,2256,2250
P489,7,2255,2261,2255
P490,5,3064,3071,3064
P491,3,1339,1344,1339
P492,6,3,6,3
P493,5,2257,2263,2257
P494,4,1341,1346,1341
P495,4,529,533,529
P496,7,532,536,532
P497,7,3064,3071,3064
P498,3,3070,3077,3070
P499,4,5,8,5
P500,9,532,536,532
P501,2,4085,4094,4085
P502,5,0,2,0
P503,5,1337,1342,1337
P504,10,1341,1346,1341
P505,5,4331,4341,4331
P506,5,1344,1349,1344
P507,5,1348,1353,1348
P508,6,1352,1357,1352
P509,4,2247,2253,2247
P510,3,526,530,526
P511,1,0,3,0
P512,5,2,3,2
P513,5,1352,1357,1352
P514,3,1356,1361,1356
P515,4,0,3,0
P516,4,524,528,524
P517,8,527,531,527
P518,3,3615,3623,3615
P519,9,7,10,7
P520,2,4075,4084,4075
P521,4,1,3,1
P522,8,526,530,526
P523,2,3618,3626,3618
P524,9,0,2,0
P525,7,4079,4088,4079
P526,8,3049,3056,3049
P527,6,3622,3630,3622
P528,4,2234,2240,2234
P529,6,523,527,523
P530,4,2238,2244,2238
P531,3,525,529,525
P532,6,1,4,1
P533,5,2241,2247,2241
P534,4,1341,1346,1341
P535,8,525,529,525
P536,4,3621,3629,3621
P537,8,527,531,527
P538,4,3627,3635,3627
P539,3,529,533,529
P540,3,0,3,0
P541,4,2,5,2
P542,5,530,534,530
P543,7,1337,1342,1337
P544,5,3038,3045,3038
P545,3,1340,1345,1340
P546,5,0,3,0
P547,3,1343,1348,1343
P548,5,1,4,1
P549,2,1346,1351,1346
P550,3,2,4,2
P551,6,5,8,5
P552,6,2228,2234,2228
P553,2,2233,2239,2233
P554,7,0,2,0
P555,9,3034,3041,3034
P556,7,4057,4066,4057
P557,5,3039,3046,3039
P558,6,1342,1347,1342
P559,9,2233,2239,2233
P560,5,4062,4071,4062
P561,4,1344,1349,1344
P562,1,514,518,514
P563,7,0,1,0
P564,5,3039,3046,3039
P565,3,1345,1350,1345
P566,4,4,7,4
P567,2,513,517,513
P568,4,0,2,0
P569,4,515,519,515
P570,8,518,522,518
P571,4,3602,3610,3602
P572,6,520,524,520
P573,4,2225,2231,2225
P574,5,522,526,522
P575,4,1340,1345,1340
P576,3,524,528,524
P577,9,0,3,0
P578,3,4053,4062,4053
P579,8,1,4,1
P580,2,3601,3609,3601
P581,1,4,6,4
P582,3,1,2,1
P583,1,9,12,9
P584,2,0,1,0
P585,1,3,5,3
P586,4,1,2,1
P587,5,517,521,517
P588,2,1332,1337,1332
P589,7,1,3,1
P590,3,3020,3027,3020
P591,4,4,7,4
P592,3,516,520,516
P593,3,5,8,5
P594,3,7,10,7
P595,9,9,12,9
P596,9,4044,4053,4044
P597,4,4052,4061,4052
P598,5,514,518,514
P599,6,1326,1331,1326
P600,5,2204,2210,2204
P601,8,1329,1334,1329
P602,5,3587,3595,3587
P603,8,1332,1337,1332
P604,4,3593,3601,3593
P605,3,511,515,511
P606,5,1,4,1
P607,8,1333,1338,1333
P608,7,3597,3605,3597
P609,2,3008,3015,3008
P610,6,0,2,0
P611,5,2199,2205,2199
P612,6,1333,1338,1333
P613,6,2203,2209,2203
P614,5,2208,2214,2208
P615,6,1335,1340,1335
P616,8,2212,2218,2212
P617,4,3596,3604,3596
P618,1,502,506,502
P619,3,1,2,1
P620,8,1,4,1
P621,3,3600,3608,3600
P622,4,2,5,2
P623,8,501,505,501
P624,5,3605,3613,3605
P625,7,1330,1335,1330
P626,6,2998,3005,2998
P627,3,2207,2213,2207
P628,4,3,6,3
P629,7,499,503,499
P630,6,3001,3008,3001
P631,3,2209,2215,2209
P632,4,2,5,2
P633,4,499,503,499
P634,4,502,506,502
P635,6,505,509,505
P636,3,2210,2216,2210
P637,9,0,3,0
P638,6,4020,4029,4020
P639,3,2213,2219,2213
P640,5,0,3,0
P641,4,1319,1324,1319
P642,3,502,506,502
P643,6,0,3,0
P644,7,2214,2220,2214
P645,5,2993,3000,2993
P646,5,1319,1324,1319
P647,10,1323,1328,1323
P648,3,4198,4208,4198
P649,2,4,7,4
P650,5,0,2,0
P651,1,1324,1329,1324
P652,7,0,1,0
P653,4,2992,2999,2992
P654,5,494,498,494
P655,7,1325,1330,1325
P656,4,2996,3003,2996
P657,4,495,499,495
P658,5,498,502,498
P659,6,1326,1331,1326
P660,5,2204,2210,2204
P661,5,1329,1334,1329
P662,7,1333,1338,1333
P663,4,2996,3003,2996
P664,5,496,500,496
P665,5,1335,1340,1335
P666,7,1339,1344,1339
P667,6,2999,3006,2999
P668,10,2202,2208,2202
P669,7,4187,4197,4187
P670,4,3003,3010,3003
P671,3,493,497,493
P672,4,0,3,0
P673,2,495,499,495
P674,3,1,3,1
P675,3,2,5,2
P676,9,4,7,4
P677,5,3990,3999,3990
P678,8,1332,1337,1332
P679,6,3558,3566,3558
P680,4,2196,2202,2196
P681,3,491,495,491
P682,7,1,4,1
P683,7,2997,3004,2997
P684,4,3003,3010,3003
P685,5,491,495,491
P686,3,1329,1334,1329
P687,5,3,6,3
P688,3,1332,1337,1332
P689,6,6,9,6
P690,3,2192,2198,2192
P691,3,11,14,11
P692,2,13,16,13
P693,6,0,2,0
P694,5,2194,2200,2194
P695,5,1330,1335,1330
P696,7,1334,1339,1334
P697,2,2997,3004,2997
P698,3,0,2,0
P699,2,10,13,10
P700,4,0,2,0
P701,4,479,483,479
P702,7,482,486,482
P703,7,2998,3005,2998
P704,5,3004,3011,3004
P705,9,1330,1335,1330
P706,1,3970,3979,3970
P707,3,1,2,1
P708,6,5,8,5
P709,5,2185,2191,2185
P710,1,1330,1335,1330
P711,3,1,2,1
P712,5,4,7,4
P713,3,1332,1337,1332
P714,6,5,8,5
P715,5,2185,2191,2185
P716,6,1334,1339,1334
P717,4,2189,2195,2189
P718,5,470,474,470
P719,5,1336,1341,1336
P720,5,1340,1345,1340
P721,4,1344,1349,1344
P722,4,470,474,470
P723,2,473,477,473
P724,4,2,4,2
P725,4,475,479,475
P726,5,478,482,478
P727,3,1343,1348,1343
P728,1,0,3,0
P729,4,2,3,2
P730,4,478,482,478
P731,4,481,485,481
P732,2,484,488,484
P733,2,3,5,3
P734,5,5,7,5
P735,6,1340,1345,1340
P736,3,2176,2182,2176
P737,1,4,7,4
P738,6,0,1,0
P739,5,2179,2185,2179
P740,5,1340,1345,1340
P741,6,1344,1349,1344
P742,7,2182,2188,2182
P743,6,2972,2979,2972
P744,4,2186,2192,2186
P745,7,475,479,475
P746,6,2976,2983,2976
P747,2,2189,2195,2189
P748,5,0,2,0
P749,5,1341,1346,1341
P750,5,1345,1350,1345
P751,5,1349,1354,1349
P752,2,1353,1358,1353
P753,6,1,3,1
P754,7,2188,2194,2188
P755,5,2974,2981,2974
P756,6,1354,1359,1354
P757,11,2191,2197,2191
P758,4,4200,4211,4200
P759,3,465,469,465
P760,8,0,3,0
P761,8,3484,3492,3484
P762,2,3491,3499,3491
P763,6,0,2,0
P764,2,2190,2196,2190
P765,4,0,2,0
P766,6,462,466,462
P767,5,2193,2199,2193
P768,3,1347,1352,1347
P769,6,2,5,2
P770,3,2196,2202,2196
P771,4,3,6,3
P772,6,460,464,460
P773,3,2199,2205,2199
P774,9,3,6,3
P775,6,3910,3919,3910
P776,4,2202,2208,2202
P777,7,459,463,459
P778,6,2958,2965,2958
P779,4,2205,2211,2205
P780,3,460,464,460
P781,8,3,6,3
P782,10,3479,3487,3479
P783,7,4083,4093,4083
P784,8,2959,2966,2959
P785,7,3484,3492,3484
P786,4,2964,2971,2964
P787,7,457,461,457
P788,4,2969,2976,2969
P789,4,459,463,459
P790,3,462,466,462
P791,8,0,3,0
P792,5,3485,3493,3485
P793,3,1327,1332,1327
P794,6,0,3,0
P795,5,2195,2201,2195
P796,1,1329,1334,1329
P797,5,0,1,0
P798,3,1332,1337,1332
P799,8,7,10,7
P800,2,3485,3493,3485
P801,3,1,3,1
P802,2,9,12,9
P803,3,1,3,1
P804,6,10,13,10
P805,5,2191,2197,2191
P806,2,1329,1334,1329
P807,3,2,4,2
P808,6,9,12,9
P809,4,2193,2199,2193
P810,5,446,450,446
P811,5,1329,1334,1329
P812,8,1333,1338,1333
P813,5,3480,3488,3480
P814,4,1336,1341,1336
P815,7,445,449,445
P816,7,2948,2955,2948
P817,4,2954,2961,2954
P818,5,446,450,446
P819,3,1336,1341,1336
P820,4,0,3,0
P821,5,447,451,447
P822,8,1338,1343,1338
P823,7,3478,3486,3478
P824,6,2954,2961,2954
P825,4,2183,2189,2183
P826,9,446,450,446
P827,4,3867,3876,3867
P828,6,448,452,448
P829,10,2185,2191,2185
P830,6,4046,4056,4046
P831,4,2189,2195,2189
P832,3,448,452,448
P833,5,2,5,2
P834,4,1331,1336,1331
P835,4,449,453,449
P836,4,452,456,452
P837,2,455,459,455
P838,5,0,2,0
P839,7,1331,1336,1331
P840,3,2945,2952,2945
P841,2,5,8,5
P842,10,2,4,2
P843,5,4043,4053,4043
P844,4,1331,1336,1331
P845,8,451,455,451
P846,2,3463,3471,3463
P847,2,2,4,2
P848,5,3,5,3
P849,5,1331,1336,1331
P850,8,1335,1340,1335
P851,8,3466,3474,3466
P852,7,3473,3481,3473
P853,9,2939,2946,2939
P854,3,3849,3858,3849
P855,3,2,5,2
P856,7,4,7,4
P857,7,2942,2949,2942
P858,7,2948,2955,2948
P859,3,2954,2961,2954
P860,3,3,6,3
P861,7,5,8,5
P862,4,2958,2965,2958
P863,9,437,441,437
P864,3,3848,3857,3848
P865,7,4,7,4
P866,5,2961,2968,2961
P867,5,1323,1328,1323
P868,5,1327,1332,1327
P869,5,1331,1336,1331
P870,5,1335,1340,1335
P871,8,1339,1344,1339
P872,3,3461,3469,3461
P873,7,3,6,3
P874,5,2960,2967,2960
P875,4,1340,1345,1340
P876,2,428,432,428
P877,8,2,4,2
P878,5,3463,3471,3463
P879,5,1341,1346,1341
P880,5,1345,1350,1345
P881,4,1349,1354,1349
P882,12,426,430,426
P883,2,4098,4110,4098
P884,4,1,3,1
P885,2,427,431,427
P886,4,1,3,1
P887,9,429,433,429
P888,6,3833,3842,3833
P889,7,2137,2143,2137
P890,4,2951,2958,2951
P891,2,429,433,429
P892,5,1,3,1
P893,6,1342,1347,1342
P894,7,2138,2144,2138
P895,3,2953,2960,2953
P896,5,3,6,3
P897,8,1343,1348,1343
P898,5,3451,3459,3451
P899,3,1346,1351,1346
P900,6,2,5,2
P901,6,2137,2143,2137
P902,6,2142,2148,2142
P903,5,2147,2153,2147
P904,2,1346,1351,1346
P905,10,0,2,0
P906,3,3990,4000,3990
P907,3,0,3,0
P908,4,2,5,2
P909,8,415,419,415
P910,5,3447,3455,3447
P911,6,1344,1349,1344
P912,2,2144,2150,2144
P913,4,0,2,0
P914,2,414,418,414
P915,2,0,2,0
P916,7,1,3,1
P917,8,2938,2945,2938
P918,6,3447,3455,3447
P919,7,2143,2149,2143
P920,3,2942,2949,2942
P921,9,2,5,2
P922,6,3808,3817,3808
P923,2,2145,2151,2145
P924,3,2,4,2
P925,5,3,6,3
P926,4,1334,1339,1334
P927,6,405,409,405
P928,4,2146,2152,2146
P929,9,407,411,407
P930,7,3809,3818,3809
P931,6,2938,2945,2938
P932,3,2148,2154,2148
P933,5,4,7,4
P934,2,1331,1336,1331
P935,5,0,2,0
P936,5,1334,1339,1334
P937,6,1338,1343,1338
P938,3,2148,2154,2148
P939,10,1,4,1
P940,4,3966,3976,3966
P941,4,399,403,399
P942,3,402,406,402
P943,6,0,3,0
P944,3,2148,2154,2148
P945,5,1,4,1
P946,2,1334,1339,1334
P947,4,2,4,2
P948,2,400,404,400
P949,7,2,4,2
P950,4,2926,2933,2926
P951,2,401,405,401
P952,5,1,3,1
P953,9,1332,1337,1332
P954,6,3794,3803,3794
P955,5,2143,2149,2143
P956,3,1334,1339,1334
P957,2,4,7,4
P958,6,1,3,1
P959,7,2145,2151,2145
P960,10,2923,2930,2923
P961,7,3955,3965,3955
P962,8,2928,2935,2928
P963,7,3410,3418,3410
P964,4,2933,2940,2933
P965,6,391,395,391
P966,7,2144,2150,2144
P967,8,2937,2944,2937
P968,5,3413,3421,3413
P969,5,1326,1331,1326
P970,4,1330,1335,1330
P971,5,389,393,389
P972,7,1333,1338,1333
P973,2,2938,2945,2938
P974,8,2,4,2
P975,3,3414,3422,3414
P976,4,4,7,4
P977,2,387,391,387
P978,4,0,2,0
P979,5,389,393,389
P980,5,1330,1335,1330
P981,4,1334,1339,1334
P982,3,390,394,390
P983,4,0,3,0
P984,10,392,396,392
P985,5,3941,3951,3941
P986,6,1334,1339,1334
P987,5,2129,2135,2129
P988,6,1337,1342,1337
P989,3,2133,2139,2133
P990,4,0,3,0
P991,4,389,393,389
P992,9,392,396,392
P993,4,3764,3773,3764
P994,3,394,398,394
P995,4,2,5,2
P996,7,396,400,396
P997,3,2921,2928,2921
P998,1,3,6,3
P999,6,1,2,1
P1000,4,2128,2134,2128
