Proc_name, runtime, waiting, turnaround, response
P1,1,0,0,0
P2,3,0,1,0
P3,2,0,3,0
P4,2,1,3,1
P5,1,8,10,8
P6,1,1,2,1
P7,4,2,3,2
P8,1,1665,1669,1665
P9,1,3,4,3
P10,3,2,3,2
P11,2,1109,1112,1109
P12,2,14,16,14
P13,1,21,23,21
P14,2,3,4,3
P15,2,18,20,18
P16,2,16,18,16
P17,2,27,29,27
P18,2,22,24,22
P19,1,33,35,33
P20,3,1,2,1
P21,1,1107,1110,1107
P22,2,1,2,1
P23,3,33,35,33
P24,3,1109,1112,1109
P25,1,1111,1114,1111
P26,2,1,2,1
P27,1,31,33,31
P28,1,1,2,1
P29,2,2,3,2
P30,3,34,36,34
P31,1,1110,1113,1110
P32,2,0,1,0
P33,1,34,36,34
P34,3,1,2,1
P35,1,1112,1115,1112
P36,2,0,1,0
P37,4,34,36,34
P38,1,1650,1654,1650
P39,2,1,2,1
P40,2,30,32,30
P41,2,34,36,34
P42,3,31,33,31
P43,3,1107,1110,1107
P44,1,1104,1107,1104
P45,3,1,2,1
P46,3,1111,1114,1111
P47,3,1108,1111,1108
P48,2,1114,1117,1114
P49,1,34,36,34
P50,3,2,3,2
P51,4,1115,1118,1115
P52,2,1644,1648,1644
P53,1,33,35,33
P54,2,0,1,0
P55,1,35,37,35
P56,1,0,1,0
P57,2,1,2,1
P58,2,38,40,38
P59,1,36,38,36
P60,1,1,2,1
P61,2,0,1,0
P62,1,38,40,38
P63,4,1,2,1
P64,4,1640,1644,1640
P65,1,1642,1646,1642
P66,4,1,2,1
P67,2,1642,1646,1642
P68,2,33,35,33
P69,1,34,36,34
P70,2,0,1,0
P71,3,36,38,36
P72,2,1100,1103,1100
P73,1,39,41,39
P74,2,1,2,1
P75,2,38,40,38
P76,2,39,41,39
P77,1,41,43,41
P78,2,1,2,1
P79,2,39,41,39
P80,1,41,43,41
P81,4,0,1,0
P82,2,1629,1633,1629
P83,3,39,41,39
P84,1,1086,1089,1086
P85,2,1,2,1
P86,1,37,39,37
P87,1,1,2,1
P88,3,0,1,0
P89,2,1085,1088,1085
P90,4,39,41,39
P91,2,1625,1629,1625
P92,2,39,41,39
P93,1,39,41,39
P94,1,0,1,0
P95,2,0,1,0
P96,6,43,45,43
P97,2,1941,1947,1941
P98,2,39,41,39
P99,3,49,51,49
P100,2,1077,1080,1077
P101,2,55,57,55
P102,1,51,53,51
P103,3,0,1,0
P104,1,1075,1078,1075
P105,1,1,2,1
P106,1,0,1,0
P107,3,0,1,0
P108,3,1073,1076,1073
P109,1,1073,1076,1073
P110,2,0,1,0
P111,3,44,46,44
P112,2,1072,1075,1072
P113,2,43,45,43
P114,3,42,44,42
P115,1,1068,1071,1068
P116,1,1,2,1
P117,2,0,1,0
P118,1,39,41,39
P119,2,1,2,1
P120,2,43,45,43
P121,2,40,42,40
P122,1,48,50,48
P123,2,1,2,1
P124,1,48,50,48
P125,1,0,1,0
P126,2,0,1,0
P127,5,46,48,46
P128,1,1815,1820,1815
P129,1,0,1,0
P130,3,0,1,0
P131,1,1053,1056,1053
P132,1,0,1,0
P133,1,1,2,1
P134,2,2,3,2
P135,3,42,44,42
P136,3,1053,1056,1053
P137,1,1056,1059,1056
P138,4,2,3,2
P139,2,1574,1578,1574
P140,2,41,43,41
P141,1,43,45,43
P142,3,0,1,0
P143,2,1055,1058,1055
P144,1,44,46,44
P145,1,1,2,1
P146,3,1,2,1
P147,2,1055,1058,1055
P148,3,42,44,42
P149,1,1056,1059,1056
P150,4,0,1,0
P151,1,1567,1571,1567
P152,1,0,1,0
P153,4,1,2,1
P154,3,1568,1572,1568
P155,3,1053,1056,1053
P156,2,1056,1059,1056
P157,2,34,36,34
P158,1,37,39,37
P159,1,0,1,0
P160,2,1,2,1
P161,2,36,38,36
P162,1,37,39,37
P163,3,1,2,1
P164,1,1047,1050,1047
P165,4,1,2,1
P166,1,1557,1561,1557
P167,3,1,2,1
P168,1,1047,1050,1047
P169,1,2,3,2
P170,2,3,4,3
P171,2,33,35,33
P172,2,33,35,33
P173,1,35,37,35
P174,2,1,2,1
P175,2,35,37,35
P176,3,37,39,37
P177,2,1042,1045,1042
P178,2,37,39,37
P179,3,37,39,37
P180,2,1040,1043,1040
P181,3,35,37,35
P182,1,1039,1042,1039
P183,3,0,1,0
P184,4,1041,1044,1041
P185,3,1541,1545,1541
P186,3,1043,1046,1043
P187,5,1045,1048,1045
P188,1,1763,1768,1763
P189,1,1,2,1
P190,3,2,3,2
P191,3,1045,1048,1045
P192,3,1048,1051,1048
P193,2,1050,1053,1050
P194,2,26,28,26
P195,2,27,29,27
P196,2,33,35,33
P197,1,33,35,33
P198,4,1,2,1
P199,1,1531,1535,1531
P200,3,0,1,0
P201,2,1043,1046,1043
P202,2,30,32,30
P203,4,30,32,30
P204,2,1529,1533,1529
P205,2,36,38,36
P206,1,29,31,29
P207,4,0,1,0
P208,1,1530,1534,1530
P209,2,1,2,1
P210,3,35,37,35
P211,2,1030,1033,1030
P212,2,34,36,34
P213,2,31,33,31
P214,1,35,37,35
P215,3,0,1,0
P216,1,1028,1031,1028
P217,1,1,2,1
P218,3,2,3,2
P219,1,1028,1031,1028
P220,1,0,1,0
P221,2,0,1,0
P222,5,29,31,29
P223,2,1728,1733,1728
P224,4,32,34,32
P225,1,1511,1515,1511
P226,4,0,1,0
P227,2,1512,1516,1512
P228,1,29,31,29
P229,2,0,1,0
P230,1,27,29,27
P231,1,0,1,0
P232,1,1,2,1
P233,4,1,2,1
P234,2,1510,1514,1510
P235,1,29,31,29
P236,2,0,1,0
P237,2,31,33,31
P238,1,31,33,31
P239,2,0,1,0
P240,1,31,33,31
P241,3,0,1,0
P242,1,1004,1007,1004
P243,2,1,2,1
P244,2,26,28,26
P245,1,26,28,26
P246,1,0,1,0
P247,1,0,1,0
P248,2,0,1,0
P249,2,25,27,25
P250,1,28,30,28
P251,4,0,1,0
P252,3,1489,1493,1489
P253,2,991,994,991
P254,1,26,28,26
P255,2,0,1,0
P256,3,26,28,26
P257,3,991,994,991
P258,2,994,997,994
P259,1,27,29,27
P260,1,0,1,0
P261,2,0,1,0
P262,2,25,27,25
P263,2,28,30,28
P264,1,32,34,32
P265,4,0,1,0
P266,2,1479,1483,1479
P267,1,33,35,33
P268,2,1,2,1
P269,2,35,37,35
P270,1,34,36,34
P271,2,1,2,1
P272,1,35,37,35
P273,2,0,1,0
P274,2,37,39,37
P275,1,34,36,34
P276,1,0,1,0
P277,3,0,1,0
P278,2,977,980,977
P279,2,37,39,37
P280,3,40,42,40
P281,3,977,980,977
P282,3,980,983,980
P283,2,977,980,977
P284,2,37,39,37
P285,1,38,40,38
P286,3,0,1,0
P287,2,977,980,977
P288,3,39,41,39
P289,3,982,985,982
P290,2,979,982,979
P291,1,37,39,37
P292,1,0,1,0
P293,1,2,3,2
P294,2,1,2,1
P295,4,40,42,40
P296,2,1457,1461,1457
P297,4,42,44,42
P298,2,1460,1464,1460
P299,1,46,48,46
P300,1,1,2,1
P301,1,1,2,1
P302,3,1,2,1
P303,2,976,979,976
P304,2,42,44,42
P305,1,43,45,43
P306,1,1,2,1
P307,1,1,2,1
P308,2,1,2,1
P309,2,46,48,46
P310,2,43,45,43
P311,2,53,55,53
P312,2,54,56,54
P313,2,55,57,55
P314,2,59,61,59
P315,2,60,62,60
P316,1,64,66,64
P317,2,0,1,0
P318,2,65,67,65
P319,1,71,73,71
P320,1,1,2,1
P321,4,0,1,0
P322,1,1438,1442,1438
P323,2,1,2,1
P324,1,65,67,65
P325,3,0,1,0
P326,2,954,957,954
P327,3,68,70,68
P328,2,955,958,955
P329,2,63,65,63
P330,3,70,72,70
P331,2,955,958,955
P332,2,69,71,69
P333,2,71,73,71
P334,1,69,71,69
P335,3,1,2,1
P336,2,953,956,953
P337,3,71,73,71
P338,1,954,957,954
P339,1,0,1,0
P340,1,0,1,0
P341,3,1,2,1
P342,2,953,956,953
P343,2,68,70,68
P344,2,71,73,71
P345,2,74,76,74
P346,1,71,73,71
P347,3,1,2,1
P348,2,951,954,951
P349,1,73,75,73
P350,1,0,1,0
P351,3,1,2,1
P352,2,949,952,949
P353,2,72,74,72
P354,1,73,75,73
P355,1,0,1,0
P356,1,0,1,0
P357,1,0,1,0
P358,1,0,1,0
P359,4,1,2,1
P360,2,1405,1409,1405
P361,2,70,72,70
P362,3,75,77,75
P363,5,942,945,942
P364,1,1587,1592,1587
P365,2,1,2,1
P366,1,72,74,72
P367,1,1,2,1
P368,2,0,1,0
P369,3,73,75,73
P370,1,937,940,937
P371,4,0,1,0
P372,1,1396,1400,1396
P373,1,1,2,1
P374,2,1,2,1
P375,1,71,73,71
P376,3,1,2,1
P377,3,935,938,935
P378,1,937,940,937
P379,2,1,2,1
P380,2,70,72,70
P381,1,72,74,72
P382,2,1,2,1
P383,2,76,78,76
P384,1,78,80,78
P385,1,1,2,1
P386,4,0,1,0
P387,2,1388,1392,1388
P388,2,78,80,78
P389,1,81,83,81
P390,1,1,2,1
P391,2,0,1,0
P392,1,80,82,80
P393,2,0,1,0
P394,2,82,84,82
P395,3,84,86,84
P396,2,930,933,930
P397,3,85,87,85
P398,3,930,933,930
P399,1,932,935,932
P400,1,0,1,0
P401,1,0,1,0
P402,3,1,2,1
P403,1,928,931,928
P404,2,1,2,1
P405,2,75,77,75
P406,2,75,77,75
P407,2,77,79,77
P408,1,79,81,79
P409,2,1,2,1
P410,3,81,83,81
P411,5,919,922,919
P412,1,1545,1550,1545
P413,4,1,2,1
P414,1,1361,1365,1361
P415,5,0,1,0
P416,2,1545,1550,1545
P417,1,75,77,75
P418,4,0,1,0
P419,2,1360,1364,1360
P420,2,77,79,77
P421,1,79,81,79
P422,2,0,1,0
P423,2,80,82,80
P424,1,82,84,82
P425,3,0,1,0
P426,3,902,905,902
P427,1,904,907,904
P428,1,1,2,1
P429,1,1,2,1
P430,2,0,1,0
P431,2,76,78,76
P432,2,78,80,78
P433,3,79,81,79
P434,1,901,904,901
P435,1,1,2,1
P436,2,1,2,1
P437,1,83,85,83
P438,2,2,3,2
P439,3,80,82,80
P440,2,901,904,901
P441,1,84,86,84
P442,3,0,1,0
P443,1,900,903,900
P444,2,0,1,0
P445,2,80,82,80
P446,2,81,83,81
P447,3,82,84,82
P448,2,899,902,899
P449,1,82,84,82
P450,1,0,1,0
P451,3,1,2,1
P452,1,897,900,897
P453,1,1,2,1
P454,3,1,2,1
P455,2,899,902,899
P456,1,80,82,80
P457,2,1,2,1
P458,2,89,91,89
P459,2,82,84,82
P460,2,84,86,84
P461,4,90,92,90
P462,2,1324,1328,1324
P463,1,90,92,90
P464,3,0,1,0
P465,1,894,897,894
P466,3,1,2,1
P467,2,895,898,895
P468,2,89,91,89
P469,5,93,95,93
P470,3,1500,1505,1500
P471,3,894,897,894
P472,2,896,899,896
P473,1,93,95,93
P474,2,0,1,0
P475,4,93,95,93
P476,2,1314,1318,1314
P477,5,93,95,93
P478,3,1494,1499,1494
P479,1,888,891,888
P480,1,0,1,0
P481,1,1,2,1
P482,1,1,2,1
P483,2,1,2,1
P484,1,90,92,90
P485,3,0,1,0
P486,2,885,888,885
P487,3,91,93,91
P488,3,895,898,895
P489,3,892,895,892
P490,3,886,889,886
P491,1,889,892,889
P492,1,0,1,0
P493,3,0,1,0
P494,2,896,899,896
P495,4,89,91,89
P496,1,1300,1304,1300
P497,3,0,1,0
P498,3,897,900,897
P499,1,894,897,894
P500,1,0,1,0
P501,3,1,2,1
P502,1,898,901,898
P503,4,1,2,1
P504,2,1298,1302,1298
P505,1,85,87,85
P506,2,0,1,0
P507,1,86,88,86
P508,1,1,2,1
P509,4,1,2,1
P510,4,1294,1298,1294
P511,3,1297,1301,1297
P512,2,890,893,890
P513,2,83,85,83
P514,1,86,88,86
P515,4,1,2,1
P516,2,1297,1301,1297
P517,4,91,93,91
P518,2,1300,1304,1300
P519,3,88,90,88
P520,3,889,892,889
P521,1,892,895,892
P522,2,1,2,1
P523,2,86,88,86
P524,2,90,92,90
P525,3,94,96,94
P526,1,889,892,889
P527,4,0,1,0
P528,1,1297,1301,1297
P529,4,0,1,0
P530,3,1299,1303,1299
P531,2,888,891,888
P532,2,89,91,89
P533,2,96,98,96
P534,2,96,98,96
P535,2,97,99,97
P536,1,97,99,97
P537,3,1,2,1
P538,1,878,881,878
P539,1,0,1,0
P540,1,1,2,1
P541,2,0,1,0
P542,3,94,96,94
P543,1,874,877,874
P544,2,1,2,1
P545,2,94,96,94
P546,1,92,94,92
P547,1,2,3,2
P548,3,2,3,2
P549,2,875,878,875
P550,2,94,96,94
P551,2,93,95,93
P552,2,104,106,104
P553,3,102,104,102
P554,2,872,875,872
P555,2,105,107,105
P556,4,107,109,107
P557,1,1272,1276,1272
P558,2,0,1,0
P559,3,109,111,109
P560,1,873,876,873
P561,2,1,2,1
P562,2,113,115,113
P563,1,111,113,111
P564,3,2,3,2
P565,2,870,873,870
P566,3,114,116,114
P567,2,873,876,873
P568,3,112,114,112
P569,4,876,879,876
P570,1,1269,1273,1269
P571,2,0,1,0
P572,1,114,116,114
P573,1,0,1,0
P574,2,1,2,1
P575,2,114,116,114
P576,3,117,119,117
P577,1,875,878,875
P578,2,0,1,0
P579,2,116,118,116
P580,2,118,120,118
P581,1,121,123,121
P582,2,0,1,0
P583,1,119,121,119
P584,4,1,2,1
P585,3,1262,1266,1262
P586,1,869,872,869
P587,2,1,2,1
P588,1,124,126,124
P589,1,2,3,2
P590,1,1,2,1
P591,3,2,3,2
P592,1,866,869,866
P593,3,1,2,1
P594,4,865,868,865
P595,4,1255,1259,1255
P596,4,1258,1262,1258
P597,1,1261,1265,1261
P598,2,0,1,0
P599,1,113,115,113
P600,2,1,2,1
P601,1,114,116,114
P602,3,0,1,0
P603,1,862,865,862
P604,1,0,1,0
P605,1,1,2,1
P606,3,1,2,1
P607,1,858,861,858
P608,2,1,2,1
P609,2,105,107,105
P610,2,110,112,110
P611,3,114,116,114
P612,1,854,857,854
P613,3,0,1,0
P614,2,856,859,856
P615,2,114,116,114
P616,2,116,118,116
P617,2,119,121,119
P618,2,117,119,117
P619,1,121,123,121
P620,1,1,2,1
P621,4,2,3,2
P622,2,1242,1246,1242
P623,1,125,127,125
P624,2,1,2,1
P625,1,124,126,124
P626,3,1,2,1
P627,3,851,854,851
P628,2,852,855,852
P629,3,123,125,123
P630,3,856,859,856
P631,1,853,856,853
P632,1,1,2,1
P633,1,2,3,2
P634,1,3,4,3
P635,2,3,4,3
P636,1,123,125,123
P637,3,2,3,2
P638,1,854,857,854
P639,1,1,2,1
P640,2,2,3,2
P641,2,119,121,119
P642,1,122,124,122
P643,2,0,1,0
P644,4,122,124,122
P645,2,1227,1231,1227
P646,1,122,124,122
P647,2,0,1,0
P648,3,123,125,123
P649,1,847,850,847
P650,4,1,2,1
P651,2,1224,1228,1224
P652,4,119,121,119
P653,1,1223,1227,1223
P654,2,1,2,1
P655,2,116,118,116
P656,1,119,121,119
P657,1,1,2,1
P658,2,2,3,2
P659,2,122,124,122
P660,3,124,126,124
P661,1,835,838,835
P662,1,1,2,1
P663,1,1,2,1
P664,3,1,2,1
P665,3,841,844,841
P666,2,838,841,838
P667,2,122,124,122
P668,3,124,126,124
P669,1,835,838,835
P670,2,1,2,1
P671,2,125,127,125
P672,4,127,129,127
P673,2,1216,1220,1216
P674,1,132,134,132
P675,2,1,2,1
P676,3,133,135,133
P677,1,840,843,840
P678,2,0,1,0
P679,2,134,136,134
P680,4,136,138,136
P681,2,1216,1220,1216
P682,3,137,139,137
P683,2,841,844,841
P684,2,143,145,143
P685,3,141,143,141
P686,2,843,846,843
P687,3,143,145,143
P688,2,844,847,844
P689,1,146,148,146
P690,3,0,1,0
P691,2,846,849,846
P692,2,146,148,146
P693,3,148,150,148
P694,2,845,848,845
P695,1,150,152,150
P696,1,0,1,0
P697,1,1,2,1
P698,2,0,1,0
P699,3,149,151,149
P700,2,842,845,842
P701,2,152,154,152
P702,3,153,155,153
P703,2,842,845,842
P704,2,151,153,151
P705,3,152,154,152
P706,2,840,843,840
P707,1,155,157,155
P708,3,1,2,1
P709,5,838,841,838
P710,2,1295,1300,1295
P711,2,151,153,151
P712,1,149,151,149
P713,1,0,1,0
P714,3,0,1,0
P715,1,831,834,831
P716,1,1,2,1
P717,1,1,2,1
P718,1,0,1,0
P719,2,0,1,0
P720,3,144,146,144
P721,2,829,832,829
P722,2,145,147,145
P723,1,145,147,145
P724,3,0,1,0
P725,2,828,831,828
P726,1,144,146,144
P727,3,1,2,1
P728,3,829,832,829
P729,1,826,829,826
P730,1,1,2,1
P731,1,1,2,1
P732,1,0,1,0
P733,2,1,2,1
P734,2,137,139,137
P735,2,140,142,140
P736,1,141,143,141
P737,1,0,1,0
P738,1,0,1,0
P739,2,0,1,0
P740,1,141,143,141
P741,2,1,2,1
P742,2,139,141,139
P743,2,146,148,146
P744,2,144,146,144
P745,2,147,149,147
P746,3,149,151,149
P747,1,814,817,814
P748,1,1,2,1
P749,4,1,2,1
P750,3,1145,1149,1145
P751,1,811,814,811
P752,1,1,2,1
P753,2,0,1,0
P754,1,141,143,141
P755,2,0,1,0
P756,1,140,142,140
P757,2,0,1,0
P758,1,137,139,137
P759,2,1,2,1
P760,3,141,143,141
P761,2,796,799,796
P762,2,139,141,139
P763,2,139,141,139
P764,5,142,144,142
P765,2,1228,1233,1228
P766,1,140,142,140
P767,3,1,2,1
P768,1,790,793,790
P769,2,2,3,2
P770,2,141,143,141
P771,2,142,144,142
P772,1,144,146,144
P773,1,1,2,1
P774,2,2,3,2
P775,1,144,146,144
P776,1,2,3,2
P777,1,0,1,0
P778,3,1,2,1
P779,2,782,785,782
P780,2,139,141,139
P781,2,142,144,142
P782,2,140,142,140
P783,2,145,147,145
P784,3,146,148,146
P785,1,776,779,776
P786,4,1,2,1
P787,2,1100,1104,1100
P788,1,143,145,143
P789,2,1,2,1
P790,1,143,145,143
P791,3,0,1,0
P792,1,775,778,775
P793,3,1,2,1
P794,2,777,780,777
P795,4,145,147,145
P796,3,1098,1102,1098
P797,2,776,779,776
P798,2,143,145,143
P799,1,143,145,143
P800,3,0,1,0
P801,1,773,776,773
P802,4,1,2,1
P803,4,1093,1097,1093
P804,1,1096,1100,1096
P805,2,1,2,1
P806,3,144,146,144
P807,1,773,776,773
P808,2,0,1,0
P809,2,142,144,142
P810,4,143,145,143
P811,2,1094,1098,1094
P812,2,155,157,155
P813,3,156,158,156
P814,1,769,772,769
P815,1,0,1,0
P816,2,1,2,1
P817,1,155,157,155
P818,1,2,3,2
P819,5,2,3,2
P820,2,1181,1186,1181
P821,2,153,155,153
P822,2,155,157,155
P823,2,158,160,158
P824,3,157,159,157
P825,1,760,763,760
P826,3,0,1,0
P827,4,761,764,761
P828,1,1081,1085,1081
P829,2,1,2,1
P830,2,156,158,156
P831,1,157,159,157
P832,2,0,1,0
P833,3,159,161,159
P834,1,760,763,760
P835,4,0,1,0
P836,1,1082,1086,1082
P837,2,1,2,1
P838,1,156,158,156
P839,3,1,2,1
P840,3,755,758,755
P841,1,757,760,757
P842,1,1,2,1
P843,1,2,3,2
P844,2,1,2,1
P845,2,150,152,150
P846,3,149,151,149
P847,2,746,749,746
P848,2,150,152,150
P849,2,151,153,151
P850,1,150,152,150
P851,1,1,2,1
P852,2,2,3,2
P853,2,147,149,147
P854,2,148,150,148
P855,3,149,151,149
P856,1,735,738,735
P857,2,1,2,1
P858,1,147,149,147
P859,1,1,2,1
P860,2,2,3,2
P861,2,145,147,145
P862,1,148,150,148
P863,4,2,3,2
P864,3,1044,1048,1044
P865,2,733,736,733
P866,1,147,149,147
P867,3,0,1,0
P868,3,735,738,735
P869,2,732,735,732
P870,2,146,148,146
P871,1,147,149,147
P872,2,0,1,0
P873,2,146,148,146
P874,1,148,150,148
P875,2,1,2,1
P876,3,149,151,149
P877,2,729,732,729
P878,1,147,149,147
P879,2,1,2,1
P880,2,150,152,150
P881,2,148,150,148
P882,2,151,153,151
P883,3,152,154,152
P884,3,725,728,725
P885,1,728,731,728
P886,4,0,1,0
P887,1,1027,1031,1027
P888,2,0,1,0
P889,1,150,152,150
P890,2,1,2,1
P891,2,152,154,152
P892,1,152,154,152
P893,2,0,1,0
P894,1,153,155,153
P895,3,0,1,0
P896,2,725,728,725
P897,4,153,155,153
P898,2,1025,1029,1025
P899,5,154,156,154
P900,2,1104,1109,1104
P901,2,155,157,155
P902,3,157,159,157
P903,1,725,728,725
P904,3,1,2,1
P905,2,727,730,727
P906,3,156,158,156
P907,2,727,730,727
P908,2,155,157,155
P909,3,157,159,157
P910,1,729,732,729
P911,2,1,2,1
P912,3,156,158,156
P913,3,726,729,726
P914,2,731,734,731
P915,1,155,157,155
P916,4,1,2,1
P917,4,1016,1020,1016
P918,6,1016,1020,1016
P919,3,1123,1129,1123
P920,2,728,731,728
P921,2,151,153,151
P922,2,151,153,151
P923,1,150,152,150
P924,1,1,2,1
P925,1,1,2,1
P926,1,2,3,2
P927,2,0,1,0
P928,2,146,148,146
P929,2,147,149,147
P930,2,149,151,149
P931,3,149,151,149
P932,3,713,716,713
P933,1,715,718,715
P934,1,0,1,0
P935,2,0,1,0
P936,6,146,148,146
P937,3,1105,1111,1105
P938,5,712,715,712
P939,1,1066,1071,1066
P940,1,1,2,1
P941,1,0,1,0
P942,2,0,1,0
P943,2,139,141,139
P944,1,141,143,141
P945,2,0,1,0
P946,2,140,142,140
P947,3,141,143,141
P948,5,705,708,705
P949,5,1062,1067,1062
P950,1,1066,1071,1066
P951,1,1,2,1
P952,1,2,3,2
P953,1,2,3,2
P954,1,2,3,2
P955,1,3,4,3
P956,1,3,4,3
P957,1,3,4,3
P958,1,4,5,4
P959,3,3,4,3
P960,1,697,700,697
P961,1,1,2,1
P962,1,1,2,1
P963,2,1,2,1
P964,3,126,128,126
P965,2,692,695,692
P966,1,125,127,125
P967,3,1,2,1
P968,5,694,697,694
P969,2,1051,1056,1051
P970,3,125,127,125
P971,1,696,699,696
P972,2,1,2,1
P973,1,124,126,124
P974,2,1,2,1
P975,4,122,124,122
P976,2,958,962,958
P977,3,124,126,124
P978,5,691,694,691
P979,2,1046,1051,1046
P980,1,127,129,127
P981,2,1,2,1
P982,2,123,125,123
P983,3,125,127,125
P984,2,691,694,691
P985,2,128,130,128
P986,2,128,130,128
P987,2,129,131,129
P988,2,128,130,128
P989,1,129,131,129
P990,1,1,2,1
P991,2,1,2,1
P992,1,129,131,129
P993,2,1,2,1
P994,1,128,130,128
P995,1,0,1,0
P996,4,1,2,1
P997,3,943,947,943
P998,1,680,683,680
P999,1,1,2,1
P1000,4,1,2,1
