Proc_name, runtime, waiting, turnaround, response
P1,7,0,0,0
P2,5,4648,2328,2321
P3,2,34,39,34
P4,7,0,2,0
P5,3,6265,3136,3129
P6,4,0,3,0
P7,4,59,63,59
P8,3,65,69,65
P9,4,0,3,0
P10,3,74,78,72
P11,5,1,4,1
P12,3,2779,1392,1387
P13,7,2,5,2
P14,6,6261,3134,3127
P15,4,4636,2321,2315
P16,3,72,76,72
P17,7,1,4,1
P18,3,6267,3137,3130
P19,3,2,5,2
P20,6,6,9,6
P21,9,4636,2321,2315
P22,3,8759,4384,4375
P23,2,8,11,8
P24,4,0,2,0
P25,7,69,73,69
P26,5,6265,3136,3129
P27,5,2759,1382,1377
P28,2,2767,1386,1381
P29,9,0,2,0
P30,7,8761,4385,4376
P31,2,6269,3138,3131
P32,2,2,4,2
P33,4,3,5,3
P34,5,64,68,64
P35,6,2763,1384,1379
P36,9,4618,2312,2306
P37,6,8765,4387,4378
P38,8,4626,2316,2310
P39,2,7780,3894,3886
P40,3,2,4,2
P41,5,3,6,3
P42,6,2759,1382,1377
P43,4,4628,2317,2311
P44,3,73,77,73
P45,7,3,6,3
P46,1,6253,3130,3123
P47,8,0,1,0
P48,4,7778,3893,3885
P49,3,72,76,72
P50,4,1,4,1
P51,6,87,91,87
P52,2,4622,2314,2308
P53,8,1,3,1
P54,3,7782,3895,3887
P55,4,1,4,1
P56,8,86,90,86
P57,2,7792,3900,3892
P58,6,1,3,1
P59,3,4620,2313,2307
P60,7,1,4,1
P61,5,6237,3122,3115
P62,2,2729,1367,1362
P63,8,1,3,1
P64,6,7794,3901,3893
P65,5,4620,2313,2307
P66,7,2731,1368,1363
P67,6,6239,3123,3116
P68,4,4626,2316,2310
P69,3,77,81,77
P70,7,0,3,0
P71,6,6245,3126,3119
P72,5,4630,2318,2312
P73,7,2727,1366,1361
P74,6,6253,3130,3123
P75,3,4636,2321,2315
P76,5,1,4,1
P77,6,2729,1367,1362
P78,2,4642,2324,2318
P79,6,1,3,1
P80,6,4650,2328,2322
P81,4,4660,2333,2327
P82,2,68,72,68
P83,7,0,2,0
P84,8,6247,3127,3120
P85,6,7768,3888,3880
P86,6,4662,2334,2328
P87,6,4672,2339,2333
P88,7,4682,2344,2338
P89,5,6251,3129,3122
P90,4,2713,1359,1354
P91,2,63,67,63
P92,5,0,2,0
P93,7,2717,1361,1356
P94,7,6255,3131,3124
P95,4,6267,3137,3130
P96,4,69,73,69
P97,6,72,76,72
P98,3,4674,2340,2334
P99,4,3,6,3
P100,8,89,93,89
P101,4,7752,3880,3872
P102,7,93,97,93
P103,5,6265,3136,3129
P104,1,2705,1355,1350
P105,3,0,1,0
P106,6,0,3,0
P107,3,4668,2337,2331
P108,3,1,4,1
P109,4,5,8,5
P110,2,97,101,95
P111,5,1,3,1
P112,9,2699,1352,1347
P113,5,8631,4320,4311
P114,4,2705,1355,1350
P115,4,131,135,131
P116,7,134,138,134
P117,8,6251,3129,3122
P118,4,7734,3871,3863
P119,5,144,148,144
P120,7,2703,1354,1349
P121,3,6257,3132,3125
P122,9,3,6,3
P123,3,8629,4319,4310
P124,7,4,7,4
P125,5,6263,3135,3128
P126,3,2701,1353,1348
P127,6,4,7,4
P128,3,4638,2322,2316
P129,8,6,9,5
P130,7,7726,3867,3859
P131,5,6265,3136,3129
P132,9,2699,1352,1347
P133,4,8627,4318,4309
P134,1,142,146,142
P135,4,0,1,0
P136,5,144,148,144
P137,4,2699,1352,1347
P138,7,147,151,147
P139,4,6263,3135,3128
P140,6,154,158,154
P141,5,4624,2315,2309
P142,6,2699,1352,1347
P143,6,4632,2319,2313
P144,4,4642,2324,2318
P145,7,158,162,158
P146,4,6263,3135,3128
P147,5,163,167,163
P148,4,2697,1351,1346
P149,6,167,171,167
P150,4,4642,2324,2318
P151,6,169,173,169
P152,5,4650,2328,2322
P153,7,2697,1351,1346
P154,4,6261,3134,3127
P155,3,172,176,172
P156,5,2,5,2
P157,4,2699,1352,1347
P158,6,175,179,175
P159,5,4648,2327,2321
P160,1,2703,1354,1349
P161,3,0,1,0
P162,5,0,3,0
P163,5,2707,1356,1351
P164,8,2715,1360,1355
P165,7,7672,3840,3832
P166,5,6251,3129,3122
P167,7,2719,1362,1357
P168,5,6261,3134,3127
P169,6,2725,1365,1360
P170,3,4638,2322,2316
P171,2,4,7,4
P172,3,1,3,1
P173,5,7,10,7
P174,5,2725,1365,1360
P175,4,2733,1369,1364
P176,3,162,166,162
P177,2,6,9,6
P178,3,0,2,0
P179,5,7,10,7
P180,4,2733,1369,1364
P181,4,175,179,175
P182,4,178,182,178
P183,6,191,195,191
P184,4,4622,2314,2308
P185,6,193,197,193
P186,4,4630,2318,2312
P187,4,200,204,200
P188,9,203,207,203
P189,6,8533,4271,4262
P190,8,4634,2320,2314
P191,4,7636,3822,3814
P192,2,203,207,203
P193,9,0,2,0
P194,5,8541,4275,4266
P195,4,2713,1359,1354
P196,7,222,226,222
P197,4,6217,3112,3105
P198,3,224,228,224
P199,5,0,3,0
P200,3,2713,1359,1354
P201,7,1,4,1
P202,4,6221,3114,3107
P203,7,237,241,237
P204,4,6231,3119,3112
P205,2,243,247,243
P206,5,0,2,0
P207,5,2709,1357,1352
P208,2,2717,1361,1356
P209,3,2,4,2
P210,3,3,6,3
P211,5,5,8,5
P212,8,2719,1362,1357
P213,7,7608,3808,3800
P214,5,6225,3116,3109
P215,3,2723,1364,1359
P216,3,3,6,3
P217,6,5,8,5
P218,8,4590,2298,2292
P219,3,7612,3810,3802
P220,3,6,9,5
P221,10,10,13,10
P222,4,9098,4554,4544
P223,4,244,248,244
P224,6,253,257,253
P225,1,4588,2297,2291
P226,2,0,1,0
P227,3,2,4,2
P228,4,6,9,6
P229,5,257,261,257
P230,4,2703,1354,1349
P231,6,259,263,259
P232,5,4586,2296,2290
P233,5,2707,1356,1351
P234,3,2715,1360,1355
P235,2,4,7,4
P236,6,1,3,1
P237,7,4588,2297,2291
P238,9,6191,3099,3092
P239,3,8469,4239,4230
P240,7,2,5,2
P241,8,6199,3103,3096
P242,7,7582,3795,3787
P243,11,6209,3108,3101
P244,1,9395,4703,4692
P245,9,0,1,0
P246,5,8473,4241,4232
P247,5,2699,1352,1347
P248,4,2707,1356,1351
P249,5,248,252,248
P250,3,2713,1359,1354
P251,6,3,6,3
P252,6,4570,2288,2282
P253,6,4580,2293,2287
P254,3,4590,2298,2292
P255,3,2,5,2
P256,5,4,7,4
P257,6,2709,1357,1352
P258,8,4594,2300,2294
P259,4,7564,3786,3778
P260,4,246,250,246
P261,4,249,253,249
P262,4,266,270,266
P263,7,272,276,272
P264,3,6181,3094,3087
P265,7,3,6,2
P266,5,6191,3099,3092
P267,1,2699,1352,1347
P268,5,0,1,0
P269,2,2705,1355,1350
P270,4,1,3,1
P271,3,268,272,268
P272,5,1,4,1
P273,4,2707,1356,1351
P274,10,289,293,288
P275,9,9012,4511,4501
P276,7,8431,4220,4211
P277,5,6183,3095,3088
P278,7,2707,1356,1351
P279,6,6193,3100,3093
P280,5,4562,2284,2278
P281,1,2711,1358,1353
P282,5,2,3,2
P283,7,2717,1361,1356
P284,6,6197,3102,3095
P285,4,4564,2285,2279
P286,5,286,290,286
P287,3,2719,1362,1357
P288,9,1,4,1
P289,5,8423,4216,4207
P290,7,2723,1364,1359
P291,2,6197,3102,3095
P292,7,0,2,0
P293,7,6207,3107,3100
P294,4,6219,3113,3106
P295,5,281,285,281
P296,2,2721,1363,1358
P297,8,1,3,1
P298,3,7502,3755,3747
P299,4,1,4,1
P300,6,315,319,315
P301,6,4544,2275,2269
P302,5,4554,2280,2274
P303,3,2717,1361,1356
P304,9,3,6,3
P305,6,8409,4209,4200
P306,9,4558,2282,2276
P307,7,8423,4216,4207
P308,9,6205,3106,3099
P309,8,8437,4223,4214
P310,5,7494,3751,3743
P311,4,2711,1358,1353
P312,2,314,318,314
P313,4,1,3,1
P314,5,322,326,322
P315,6,2713,1359,1354
P316,5,4550,2278,2272
P317,4,2719,1362,1357
P318,5,337,341,337
P319,6,2725,1365,1360
P320,5,4554,2280,2274
P321,7,2731,1368,1363
P322,4,6191,3099,3092
P323,3,336,340,336
P324,7,0,3,0
P325,4,6199,3103,3096
P326,4,337,341,337
P327,7,340,344,340
P328,7,6207,3107,3100
P329,9,6219,3113,3106
P330,2,8413,4211,4202
P331,4,0,2,0
P332,5,339,343,339
P333,4,2717,1361,1356
P334,5,387,391,387
P335,1,2723,1364,1359
P336,4,1,2,1
P337,4,390,394,390
P338,3,405,409,405
P339,4,7,10,7
P340,3,409,413,407
P341,2,9,12,9
P342,2,0,2,0
P343,6,1,3,1
P344,7,4518,2262,2256
P345,10,6201,3104,3097
P346,5,8890,4450,4440
P347,4,2709,1357,1352
P348,1,407,411,407
P349,5,0,1,0
P350,7,2713,1359,1354
P351,4,6203,3105,3098
P352,3,407,411,407
P353,6,0,3,0
P354,5,4510,2258,2252
P355,4,2713,1359,1354
P356,4,423,427,423
P357,5,429,433,429
P358,5,2717,1361,1356
P359,6,2725,1365,1360
P360,3,4510,2258,2252
P361,3,3,6,3
P362,6,6,9,5
P363,8,4516,2261,2255
P364,4,7402,3705,3697
P365,8,425,429,425
P366,4,7414,3711,3703
P367,1,452,456,452
P368,6,0,1,0
P369,4,4516,2261,2255
P370,2,456,460,456
P371,5,0,2,0
P372,1,2709,1357,1352
P373,4,0,1,0
P374,4,456,460,456
P375,4,464,468,462
P376,6,476,480,476
P377,10,4512,2259,2253
P378,6,8846,4428,4418
P379,4,4520,2263,2257
P380,6,491,495,491
P381,3,4528,2267,2261
P382,5,0,3,0
P383,6,2697,1351,1346
P384,2,4534,2270,2264
P385,4,0,2,0
P386,5,494,498,494
P387,7,2699,1352,1347
P388,4,6143,3075,3068
P389,5,499,503,499
P390,5,2703,1354,1349
P391,5,2711,1358,1353
P392,6,2719,1362,1357
P393,6,4528,2267,2261
P394,5,4538,2272,2266
P395,3,2723,1364,1359
P396,6,5,8,5
P397,5,4544,2275,2269
P398,2,2727,1366,1361
P399,10,0,2,0
P400,3,8822,4416,4406
P401,3,5,8,5
P402,3,7,10,7
P403,2,9,12,9
P404,6,0,2,0
P405,5,4540,2273,2267
P406,3,2721,1363,1358
P407,7,8,11,8
P408,9,6117,3062,3055
P409,9,8273,4141,4132
P410,12,8289,4149,4140
P411,4,9128,4570,4558
P412,5,482,486,482
P413,5,2717,1361,1356
P414,4,2725,1365,1360
P415,6,491,495,489
P416,5,4530,2268,2262
P417,7,2729,1367,1362
P418,8,6111,3059,3052
P419,5,7324,3666,3658
P420,6,2733,1369,1364
P421,5,4532,2269,2263
P422,4,2739,1372,1367
P423,2,507,511,507
P424,4,2,4,2
P425,3,517,521,517
P426,7,2,5,2
P427,6,6107,3057,3050
P428,6,4530,2268,2262
P429,3,4540,2273,2267
P430,5,1,4,1
P431,10,2731,1368,1363
P432,3,8778,4394,4384
P433,5,1,4,1
P434,6,2735,1370,1365
P435,4,4540,2273,2267
P436,3,527,531,527
P437,4,0,3,0
P438,9,529,533,529
P439,8,8249,4129,4120
P440,10,7298,3653,3645
P441,4,8780,4395,4385
P442,2,529,533,529
P443,5,1,3,1
P444,6,2725,1365,1360
P445,2,4532,2269,2263
P446,5,0,2,0
P447,9,2729,1367,1362
P448,4,8249,4129,4120
P449,7,533,537,533
P450,8,6075,3041,3034
P451,3,7292,3650,3642
P452,8,0,3,0
P453,6,7304,3656,3648
P454,3,4526,2266,2260
P455,3,0,3,0
P456,6,2,5,2
P457,6,4532,2269,2263
P458,7,4542,2274,2268
P459,3,6071,3039,3032
P460,9,1,4,1
P461,8,8241,4125,4116
P462,3,7302,3655,3647
P463,7,1,4,1
P464,6,6075,3041,3034
P465,4,4540,2273,2267
P466,8,523,527,523
P467,7,7308,3658,3650
P468,4,6081,3044,3037
P469,3,1072,538,534
P470,11,1,4,1
P471,3,8963,4487,4476
P472,7,2,5,2
P473,4,6085,3046,3039
P474,7,1070,537,533
P475,5,6095,3051,3044
P476,4,2681,1343,1338
P477,4,1072,538,534
P478,3,1078,541,537
P479,7,2,5,2
P480,7,6099,3053,3046
P481,2,6111,3059,3052
P482,5,2,4,2
P483,7,2677,1341,1336
P484,7,6119,3063,3056
P485,4,6131,3069,3062
P486,8,1070,537,533
P487,6,7284,3646,3638
P488,6,4506,2256,2250
P489,7,4516,2261,2255
P490,5,6135,3071,3064
P491,3,2671,1338,1333
P492,6,2,5,2
P493,5,4520,2263,2257
P494,4,2675,1340,1335
P495,4,1060,532,528
P496,7,1066,535,531
P497,7,6135,3071,3064
P498,3,6147,3077,3070
P499,4,2,5,2
P500,9,1066,535,531
P501,2,8179,4094,4085
P502,5,2,4,2
P503,5,2667,1336,1331
P504,10,2675,1340,1335
P505,5,8672,4341,4331
P506,5,2681,1343,1338
P507,5,2689,1347,1342
P508,6,2697,1351,1346
P509,4,4500,2253,2247
P510,3,1054,529,525
P511,1,4,7,4
P512,5,2,3,2
P513,5,2697,1351,1346
P514,3,2705,1355,1350
P515,4,3,6,3
P516,4,1050,527,523
P517,8,1056,530,526
P518,3,7238,3623,3615
P519,9,4,7,4
P520,2,8159,4084,4075
P521,4,0,2,0
P522,8,1054,529,525
P523,2,7244,3626,3618
P524,9,2,4,2
P525,7,8167,4088,4079
P526,8,6105,3056,3049
P527,6,7252,3630,3622
P528,4,4474,2240,2234
P529,6,1048,526,522
P530,4,4482,2244,2238
P531,3,1052,528,524
P532,6,0,3,0
P533,5,4488,2247,2241
P534,4,2675,1340,1335
P535,8,1052,528,524
P536,4,7250,3629,3621
P537,8,1056,530,526
P538,4,7262,3635,3627
P539,3,1060,532,528
P540,3,3,6,3
P541,4,5,8,5
P542,5,1062,533,529
P543,7,2667,1336,1331
P544,5,6083,3045,3038
P545,3,2673,1339,1334
P546,5,3,6,3
P547,3,2679,1342,1337
P548,5,8,11,8
P549,2,2685,1345,1340
P550,3,2,4,2
P551,6,8,11,8
P552,6,4462,2234,2228
P553,2,4472,2239,2233
P554,7,0,2,0
P555,9,6075,3041,3034
P556,7,8123,4066,4057
P557,5,6085,3046,3039
P558,6,2677,1341,1336
P559,9,4472,2239,2233
P560,5,8133,4071,4062
P561,4,2681,1343,1338
P562,1,1030,517,513
P563,7,0,1,0
P564,5,6085,3046,3039
P565,3,2683,1344,1339
P566,4,1,4,1
P567,2,1028,516,512
P568,4,2,4,2
P569,4,1032,518,514
P570,8,1038,521,517
P571,4,7212,3610,3602
P572,6,1042,523,519
P573,4,4456,2231,2225
P574,5,1046,525,521
P575,4,2673,1339,1334
P576,3,1050,527,523
P577,9,3,6,3
P578,3,8115,4062,4053
P579,8,13,16,13
P580,2,7210,3609,3601
P581,1,4,6,4
P582,3,1,2,1
P583,1,12,15,12
P584,2,0,1,0
P585,1,3,5,3
P586,4,1,2,1
P587,5,1036,520,516
P588,2,2657,1331,1326
P589,7,1,3,1
P590,3,6047,3027,3020
P591,4,7,10,7
P592,3,1034,519,515
P593,3,8,11,8
P594,3,10,13,10
P595,9,12,15,12
P596,9,8097,4053,4044
P597,4,8113,4061,4052
P598,5,1030,517,513
P599,6,2645,1325,1320
P600,5,4414,2210,2204
P601,8,2651,1328,1323
P602,5,7182,3595,3587
P603,8,2657,1331,1326
P604,4,7194,3601,3593
P605,3,1024,514,510
P606,5,6,9,6
P607,8,2659,1332,1327
P608,7,7202,3605,3597
P609,2,6023,3015,3008
P610,6,0,2,0
P611,5,4404,2205,2199
P612,6,2659,1332,1327
P613,6,4412,2209,2203
P614,5,4422,2214,2208
P615,6,2663,1334,1329
P616,8,4430,2218,2212
P617,4,7200,3604,3596
P618,1,1006,505,501
P619,3,0,1,0
P620,8,0,3,0
P621,3,7208,3608,3600
P622,4,1,4,1
P623,8,1004,504,500
P624,5,7218,3613,3605
P625,7,2653,1329,1324
P626,6,6003,3005,2998
P627,3,4420,2213,2207
P628,4,2,5,2
P629,7,1000,502,498
P630,6,6009,3008,3001
P631,3,4424,2215,2209
P632,4,1,4,1
P633,4,1000,502,498
P634,4,1006,505,501
P635,6,1012,508,504
P636,3,4426,2216,2210
P637,9,3,6,3
P638,6,8049,4029,4020
P639,3,4432,2219,2213
P640,5,3,6,3
P641,4,2631,1318,1313
P642,3,1006,505,501
P643,6,3,6,3
P644,7,4434,2220,2214
P645,5,5993,3000,2993
P646,5,2631,1318,1313
P647,10,2639,1322,1317
P648,3,8406,4208,4198
P649,2,0,3,0
P650,5,3,5,3
P651,1,2641,1323,1318
P652,7,0,1,0
P653,4,5991,2999,2992
P654,5,990,497,493
P655,7,2643,1324,1319
P656,4,5999,3003,2996
P657,4,992,498,494
P658,5,998,501,497
P659,6,2645,1325,1320
P660,5,4414,2210,2204
P661,5,2651,1328,1323
P662,7,2659,1332,1327
P663,4,5999,3003,2996
P664,5,994,499,495
P665,5,2663,1334,1329
P666,7,2671,1338,1333
P667,6,6005,3006,2999
P668,10,4410,2208,2202
P669,7,8384,4197,4187
P670,4,6013,3010,3003
P671,3,988,496,492
P672,4,5,8,5
P673,2,992,498,494
P674,3,1,3,1
P675,3,5,8,5
P676,9,7,10,7
P677,5,7989,3999,3990
P678,8,2657,1331,1326
P679,6,7124,3566,3558
P680,4,4398,2202,2196
P681,3,984,494,490
P682,7,4,7,4
P683,7,6001,3004,2997
P684,4,6013,3010,3003
P685,5,984,494,490
P686,3,2651,1328,1323
P687,5,2,5,2
P688,3,2657,1331,1326
P689,6,3,6,3
P690,3,4390,2198,2192
P691,3,6,9,6
P692,2,12,15,12
P693,6,2,4,2
P694,5,4394,2200,2194
P695,5,2653,1329,1324
P696,7,2661,1333,1328
P697,2,6001,3004,2997
P698,3,2,4,2
P699,2,9,12,9
P700,4,2,4,2
P701,4,960,482,478
P702,7,966,485,481
P703,7,6003,3005,2998
P704,5,6015,3011,3004
P705,9,2653,1329,1324
P706,1,7949,3979,3970
P707,3,0,1,0
P708,6,4,7,4
P709,5,4376,2191,2185
P710,1,2653,1329,1324
P711,3,0,1,0
P712,5,3,6,3
P713,3,2657,1331,1326
P714,6,4,7,4
P715,5,4376,2191,2185
P716,6,2661,1333,1328
P717,4,4384,2195,2189
P718,5,942,473,469
P719,5,2665,1335,1330
P720,5,2673,1339,1334
P721,4,2681,1343,1338
P722,4,942,473,469
P723,2,948,476,472
P724,4,1,3,1
P725,4,952,478,474
P726,5,958,481,477
P727,3,2679,1342,1337
P728,1,4,7,4
P729,4,2,3,2
P730,4,958,481,477
P731,4,964,484,480
P732,2,970,487,483
P733,2,2,4,2
P734,5,3,5,3
P735,6,2673,1339,1334
P736,3,4358,2182,2176
P737,1,3,6,3
P738,6,1,2,1
P739,5,4364,2185,2179
P740,5,2673,1339,1334
P741,6,2681,1343,1338
P742,7,4370,2188,2182
P743,6,5951,2979,2972
P744,4,4378,2192,2186
P745,7,952,478,474
P746,6,5959,2983,2976
P747,2,4384,2195,2189
P748,5,0,2,0
P749,5,2675,1340,1335
P750,5,2683,1344,1339
P751,5,2691,1348,1343
P752,2,2699,1352,1347
P753,6,0,2,0
P754,7,4382,2194,2188
P755,5,5955,2981,2974
P756,6,2701,1353,1348
P757,11,4388,2197,2191
P758,4,8411,4211,4200
P759,3,932,468,464
P760,8,7,10,7
P761,8,6976,3492,3484
P762,2,6990,3499,3491
P763,6,0,2,0
P764,2,4386,2196,2190
P765,4,0,2,0
P766,6,926,465,461
P767,5,4392,2199,2193
P768,3,2687,1346,1341
P769,6,1,4,1
P770,3,4398,2202,2196
P771,4,2,5,2
P772,6,922,463,459
P773,3,4404,2205,2199
P774,9,2,5,2
P775,6,7829,3919,3910
P776,4,4410,2208,2202
P777,7,920,462,458
P778,6,5923,2965,2958
P779,4,4416,2211,2205
P780,3,922,463,459
P781,8,2,5,2
P782,10,6966,3487,3479
P783,7,8176,4093,4083
P784,8,5925,2966,2959
P785,7,6976,3492,3484
P786,4,5935,2971,2964
P787,7,916,460,456
P788,4,5945,2976,2969
P789,4,920,462,458
P790,3,926,465,461
P791,8,3,6,3
P792,5,6978,3493,3485
P793,3,2647,1326,1321
P794,6,4,7,4
P795,5,4396,2201,2195
P796,1,2651,1328,1323
P797,5,0,1,0
P798,3,2657,1331,1326
P799,8,6,9,6
P800,2,6978,3493,3485
P801,3,0,2,0
P802,2,8,11,8
P803,3,0,2,0
P804,6,9,12,9
P805,5,4388,2197,2191
P806,2,2651,1328,1323
P807,3,1,3,1
P808,6,8,11,8
P809,4,4392,2199,2193
P810,5,894,449,445
P811,5,2651,1328,1323
P812,8,2659,1332,1327
P813,5,6968,3488,3480
P814,4,2665,1335,1330
P815,7,892,448,444
P816,7,5903,2955,2948
P817,4,5915,2961,2954
P818,5,894,449,445
P819,3,2665,1335,1330
P820,4,3,6,3
P821,5,896,450,446
P822,8,2669,1337,1332
P823,7,6964,3486,3478
P824,6,5915,2961,2954
P825,4,4372,2189,2183
P826,9,894,449,445
P827,4,7743,3876,3867
P828,6,898,451,447
P829,10,4376,2191,2185
P830,6,8102,4056,4046
P831,4,4384,2195,2189
P832,3,898,451,447
P833,5,1,4,1
P834,4,2655,1330,1325
P835,4,900,452,448
P836,4,906,455,451
P837,2,912,458,454
P838,5,0,2,0
P839,7,2655,1330,1325
P840,3,5897,2952,2945
P841,2,4,7,4
P842,10,1,3,1
P843,5,8096,4053,4043
P844,4,2655,1330,1325
P845,8,904,454,450
P846,2,6934,3471,3463
P847,2,1,3,1
P848,5,2,4,2
P849,5,2655,1330,1325
P850,8,2663,1334,1329
P851,8,6940,3474,3466
P852,7,6954,3481,3473
P853,9,5885,2946,2939
P854,3,7707,3858,3849
P855,3,1,4,1
P856,7,3,6,3
P857,7,5891,2949,2942
P858,7,5903,2955,2948
P859,3,5915,2961,2954
P860,3,2,5,2
P861,7,4,7,4
P862,4,5923,2965,2958
P863,9,876,440,436
P864,3,7705,3857,3848
P865,7,3,6,3
P866,5,5929,2968,2961
P867,5,2639,1322,1317
P868,5,2647,1326,1321
P869,5,2655,1330,1325
P870,5,2663,1334,1329
P871,8,2671,1338,1333
P872,3,6930,3469,3461
P873,7,2,5,2
P874,5,5927,2967,2960
P875,4,2673,1339,1334
P876,2,858,431,427
P877,8,1,3,1
P878,5,6934,3471,3463
P879,5,2675,1340,1335
P880,5,2683,1344,1339
P881,4,2691,1348,1343
P882,12,854,429,425
P883,2,4098,0,4098
P884,4,0,2,0
P885,2,856,430,426
P886,4,0,2,0
P887,9,860,432,428
P888,6,7675,3842,3833
P889,7,4280,2143,2137
P890,4,5909,2958,2951
P891,2,860,432,428
P892,5,0,2,0
P893,6,2677,1341,1336
P894,7,4282,2144,2138
P895,3,5913,2960,2953
P896,5,2,5,2
P897,8,2679,1342,1337
P898,5,6910,3459,3451
P899,3,2685,1345,1340
P900,6,1,4,1
P901,6,4280,2143,2137
P902,6,4290,2148,2142
P903,5,4300,2153,2147
P904,2,2685,1345,1340
P905,10,0,2,0
P906,3,7990,4000,3990
P907,3,3,6,3
P908,4,11,14,11
P909,8,832,418,414
P910,5,6902,3455,3447
P911,6,2681,1343,1338
P912,2,4294,2150,2144
P913,4,0,2,0
P914,2,830,417,413
P915,2,0,2,0
P916,7,1,3,1
P917,8,5883,2945,2938
P918,6,6902,3455,3447
P919,7,4292,2149,2143
P920,3,5891,2949,2942
P921,9,1,4,1
P922,6,7625,3817,3808
P923,2,4296,2151,2145
P924,3,1,3,1
P925,5,2,5,2
P926,4,2661,1333,1328
P927,6,812,408,404
P928,4,4298,2152,2146
P929,9,816,410,406
P930,7,7627,3818,3809
P931,6,5883,2945,2938
P932,3,4302,2154,2148
P933,5,1,4,1
P934,2,2655,1330,1325
P935,5,2,4,2
P936,5,2661,1333,1328
P937,6,2669,1337,1332
P938,3,4302,2154,2148
P939,10,0,3,0
P940,4,7942,3976,3966
P941,4,800,402,398
P942,3,806,405,401
P943,6,3,6,3
P944,3,4302,2154,2148
P945,5,10,13,10
P946,2,2661,1333,1328
P947,4,2,4,2
P948,2,802,403,399
P949,7,2,4,2
P950,4,5859,2933,2926
P951,2,804,404,400
P952,5,1,3,1
P953,9,2657,1331,1326
P954,6,7597,3803,3794
P955,5,4292,2149,2143
P956,3,2661,1333,1328
P957,2,3,6,3
P958,6,0,2,0
P959,7,4296,2151,2145
P960,10,5853,2930,2923
P961,7,7920,3965,3955
P962,8,5863,2935,2928
P963,7,6828,3418,3410
P964,4,5873,2940,2933
P965,6,784,394,390
P966,7,4294,2150,2144
P967,8,5881,2944,2937
P968,5,6834,3421,3413
P969,5,2645,1325,1320
P970,4,2653,1329,1324
P971,5,780,392,388
P972,7,2659,1332,1327
P973,2,5883,2945,2938
P974,8,1,3,1
P975,3,6836,3422,3414
P976,4,1,4,1
P977,2,776,390,386
P978,4,2,4,2
P979,5,780,392,388
P980,5,2653,1329,1324
P981,4,2661,1333,1328
P982,3,782,393,389
P983,4,3,6,3
P984,10,786,395,391
P985,5,7892,3951,3941
P986,6,2661,1333,1328
P987,5,4264,2135,2129
P988,6,2667,1336,1331
P989,3,4272,2139,2133
P990,4,3,6,3
P991,4,780,392,388
P992,9,786,395,391
P993,4,7537,3773,3764
P994,3,790,397,393
P995,4,1,4,1
P996,7,794,399,395
P997,3,5849,2928,2921
P998,1,2,5,2
P999,6,0,1,0
P1000,4,4262,2134,2128
